Bot Medium;9;
lolek;210.0;240.0;D;3;
Bot Easy;180.0;240.0;I;150.0;240.0;B;7;
Bot Medium;150.0;270.0;E;150.0;300.0;F;150.0;330.0;I;150.0;360.0;T;12;
lolek;180.0;300.0;O;210.0;300.0;N;6;
Bot Easy;120.0;270.0;K;120.0;270.0;K;120.0;270.0;K;120.0;270.0;K;120.0;270.0;K;120.0;270.0;K;120.0;270.0;K;90.0;270.0;O;120.0;270.0;K;90.0;270.0;O;60.0;270.0;L;30.0;270.0;C;19;
Bot Medium;30.0;240.0;;30.0;210.0;;30.0;300.0;A;30.0;330.0;N;30.0;360.0;T;30.0;390.0;L;30.0;420.0;E;0;
lolek;300.0;240.0;N;3;
Bot Easy;0.0;300.0;;0.0;300.0;;0.0;300.0;;0.0;300.0;;0.0;300.0;;0.0;300.0;;0.0;300.0;;0.0;300.0;;0.0;300.0;;0.0;300.0;;0.0;300.0;;0.0;300.0;;0.0;300.0;;0.0;300.0;;0.0;300.0;;0.0;300.0;;0.0;300.0;;0.0;300.0;;0.0;300.0;;0.0;300.0;;0.0;300.0;;0.0;300.0;;0.0;300.0;;0.0;300.0;;0.0;300.0;;0.0;300.0;;0.0;300.0;;0.0;300.0;;0.0;300.0;;0.0;300.0;;0.0;300.0;;0.0;300.0;;0.0;300.0;;0.0;300.0;;0.0;300.0;;0.0;300.0;;0.0;300.0;;0.0;300.0;;0.0;300.0;;0.0;330.0;;0.0;330.0;;0.0;330.0;;0.0;330.0;;0.0;330.0;;60.0;330.0;A;90.0;330.0;N;0;
Bot Easy;0.0;300.0;;0.0;300.0;;0.0;300.0;;0.0;300.0;;0.0;300.0;;0.0;300.0;;0.0;300.0;;0.0;300.0;;0.0;300.0;;0.0;300.0;;0.0;300.0;;0.0;300.0;;0.0;300.0;;0.0;300.0;;0.0;300.0;;0.0;300.0;;0.0;300.0;;0.0;300.0;;0.0;300.0;;0.0;300.0;;0.0;300.0;;0.0;300.0;;0.0;300.0;;0.0;300.0;;0.0;300.0;;0.0;300.0;;0.0;300.0;;0.0;300.0;;0.0;300.0;;0.0;300.0;;0.0;300.0;;0.0;300.0;;0.0;300.0;;0.0;300.0;;0.0;300.0;;0.0;300.0;;0.0;300.0;;0.0;300.0;;0.0;300.0;;0.0;300.0;;0.0;300.0;;0.0;300.0;;0.0;300.0;;0.0;300.0;;0.0;300.0;;0.0;300.0;;0.0;300.0;;0.0;300.0;;0.0;300.0;;0.0;300.0;;0.0;300.0;;0.0;300.0;;0.0;300.0;;0.0;300.0;;0.0;300.0;;0.0;300.0;;0.0;300.0;;0.0;300.0;;0.0;300.0;;0.0;300.0;;0.0;360.0;;0.0;360.0;;0.0;360.0;;0.0;360.0;;0.0;360.0;;0.0;360.0;;0.0;360.0;;0.0;360.0;;0.0;360.0;;0.0;360.0;;0.0;360.0;;0.0;360.0;;0.0;360.0;;0.0;360.0;;0.0;360.0;;0.0;360.0;;0.0;360.0;;0.0;360.0;;0.0;360.0;;0.0;360.0;;0.0;360.0;;0.0;360.0;;0.0;360.0;;0.0;360.0;;0.0;360.0;;0.0;360.0;;0.0;360.0;;0.0;360.0;;0.0;360.0;;0.0;360.0;;0.0;360.0;;0.0;360.0;;0.0;360.0;;0.0;360.0;;0.0;360.0;;0.0;360.0;;0.0;360.0;;0.0;360.0;;0.0;360.0;;0.0;360.0;;0.0;390.0;;0.0;390.0;;0.0;390.0;;0.0;390.0;;0.0;390.0;;0.0;390.0;;0.0;390.0;;0.0;390.0;;0.0;390.0;;0.0;390.0;;60.0;390.0;O;90.0;390.0;D;0;
Bot Easy;0.0;300.0;;0.0;300.0;;0.0;300.0;;0.0;300.0;;0.0;300.0;;0.0;300.0;;0.0;300.0;;0.0;300.0;;0.0;300.0;;0.0;300.0;;0.0;300.0;;0.0;300.0;;0.0;300.0;;0.0;300.0;;0.0;300.0;;0.0;300.0;;0.0;300.0;;0.0;300.0;;0.0;300.0;;0.0;300.0;;0.0;300.0;;0.0;300.0;;0.0;300.0;;0.0;300.0;;0.0;300.0;;0.0;300.0;;0.0;300.0;;0.0;300.0;;0.0;300.0;;0.0;300.0;;0.0;300.0;;0.0;300.0;;0.0;300.0;;0.0;300.0;;0.0;300.0;;0.0;300.0;;0.0;300.0;;0.0;300.0;;0.0;300.0;;0.0;300.0;;0.0;300.0;;0.0;300.0;;0.0;300.0;;0.0;300.0;;0.0;300.0;;0.0;300.0;;0.0;300.0;;0.0;300.0;;0.0;300.0;;0.0;300.0;;0.0;300.0;;0.0;300.0;;0.0;300.0;;0.0;300.0;;0.0;300.0;;0.0;300.0;;0.0;300.0;;0.0;300.0;;0.0;300.0;;0.0;300.0;;0.0;300.0;;0.0;300.0;;0.0;300.0;;0.0;300.0;;0.0;300.0;;0.0;300.0;;0.0;300.0;;0.0;300.0;;0.0;300.0;;0.0;300.0;;0.0;300.0;;0.0;300.0;;0.0;300.0;;0.0;300.0;;0.0;300.0;;0.0;300.0;;0.0;300.0;;0.0;300.0;;0.0;300.0;;0.0;300.0;;0.0;300.0;;0.0;300.0;;0.0;300.0;;0.0;300.0;;0.0;300.0;;0.0;300.0;;0.0;300.0;;0.0;300.0;;0.0;300.0;;0.0;300.0;;0.0;300.0;;0.0;300.0;;0.0;300.0;;0.0;300.0;;0.0;300.0;;0.0;300.0;;0.0;300.0;;0.0;300.0;;0.0;300.0;;0.0;300.0;;0.0;300.0;;0.0;300.0;;0.0;300.0;;0.0;300.0;;0.0;300.0;;0.0;300.0;;0.0;300.0;;0.0;300.0;;0.0;300.0;;0.0;300.0;;0.0;300.0;;0.0;300.0;;0.0;300.0;;0.0;300.0;;0.0;300.0;;0.0;300.0;;0.0;300.0;;0.0;300.0;;0.0;300.0;;0.0;300.0;;0.0;300.0;;0.0;300.0;;0.0;300.0;;0.0;300.0;;0.0;300.0;;0.0;300.0;;0.0;360.0;;0.0;360.0;;0.0;360.0;;0.0;360.0;;0.0;360.0;;0.0;360.0;;0.0;360.0;;0.0;360.0;;0.0;360.0;;0.0;360.0;;0.0;360.0;;0.0;360.0;;0.0;360.0;;0.0;360.0;;0.0;360.0;;0.0;360.0;;0.0;360.0;;0.0;360.0;;0.0;360.0;;0.0;360.0;;0.0;360.0;;0.0;360.0;;0.0;360.0;;0.0;360.0;;0.0;420.0;;0.0;420.0;;0.0;420.0;;0.0;420.0;;0.0;420.0;;0.0;420.0;;0.0;420.0;;0.0;420.0;;0.0;420.0;;0.0;420.0;;0.0;420.0;;0.0;420.0;;0.0;420.0;;0.0;420.0;;0.0;420.0;;0.0;420.0;;0.0;420.0;;0.0;420.0;;0.0;420.0;;0.0;420.0;;0.0;420.0;;0.0;420.0;;0.0;420.0;;0.0;420.0;;0.0;420.0;;0.0;420.0;;0.0;420.0;;0.0;420.0;;0.0;420.0;;0.0;420.0;;0.0;420.0;;0.0;420.0;;0.0;420.0;;0.0;420.0;;0.0;420.0;;0.0;420.0;;0.0;420.0;;0.0;420.0;;0.0;420.0;;0.0;420.0;;0.0;420.0;;0.0;420.0;;0.0;420.0;;0.0;420.0;;0.0;420.0;;0.0;420.0;;0.0;420.0;;0.0;420.0;;0.0;420.0;;0.0;420.0;;0.0;420.0;;0.0;420.0;;0.0;420.0;;0.0;420.0;;0.0;420.0;;0.0;420.0;;0.0;420.0;;0.0;420.0;;0.0;420.0;;0.0;420.0;;0.0;420.0;;0.0;420.0;;0.0;420.0;;0.0;420.0;;0.0;420.0;;0.0;420.0;;0.0;420.0;;0.0;420.0;;0.0;420.0;;0.0;420.0;;0.0;420.0;;0.0;420.0;;0.0;420.0;;0.0;420.0;;0.0;420.0;;0.0;420.0;;0.0;420.0;;0.0;420.0;;0.0;420.0;;0.0;420.0;;0.0;420.0;;0.0;420.0;;0.0;420.0;;0.0;420.0;;0.0;420.0;;0.0;420.0;;0.0;420.0;;0.0;420.0;;0.0;420.0;;0.0;420.0;;0.0;420.0;;0.0;420.0;;0.0;420.0;;0.0;420.0;;0.0;420.0;;0.0;420.0;;0.0;420.0;;0.0;420.0;;0.0;420.0;;0.0;420.0;;0.0;420.0;;0.0;420.0;;0.0;420.0;;0.0;420.0;;0.0;420.0;;0.0;420.0;;0.0;420.0;;0.0;420.0;;0.0;420.0;;0.0;420.0;;0.0;420.0;;0.0;420.0;;0.0;420.0;;0.0;420.0;;0.0;420.0;;0.0;420.0;;0.0;420.0;;0.0;420.0;;0.0;420.0;;0.0;420.0;;0.0;420.0;;0.0;420.0;;0.0;420.0;;0.0;420.0;;0.0;420.0;;0.0;420.0;;0.0;420.0;;0.0;420.0;;0.0;420.0;;0.0;420.0;;0.0;420.0;;0.0;420.0;;0.0;420.0;;0.0;420.0;;0.0;420.0;;0.0;420.0;;0.0;420.0;;0.0;420.0;;0.0;420.0;;0.0;420.0;;0.0;420.0;;0.0;420.0;;0.0;420.0;;0.0;420.0;;0.0;420.0;;0.0;420.0;;0.0;420.0;;0.0;420.0;;0.0;420.0;;0.0;420.0;;0.0;420.0;;0.0;420.0;;0.0;420.0;;0.0;420.0;;0.0;420.0;;0.0;420.0;;0.0;420.0;;0.0;420.0;;0.0;420.0;;0.0;420.0;;0.0;420.0;;0.0;420.0;;0.0;420.0;;0.0;420.0;;0.0;420.0;;60.0;240.0;O;60.0;210.0;D;0;
Bot Easy;0.0;300.0;;0.0;300.0;;0.0;300.0;;0.0;300.0;;0.0;300.0;;0.0;300.0;;0.0;300.0;;0.0;300.0;;0.0;300.0;;0.0;300.0;;0.0;300.0;;0.0;300.0;;0.0;300.0;;0.0;300.0;;0.0;300.0;;0.0;300.0;;0.0;300.0;;0.0;300.0;;0.0;300.0;;0.0;300.0;;0.0;300.0;;0.0;300.0;;0.0;300.0;;0.0;300.0;;0.0;300.0;;0.0;300.0;;0.0;300.0;;0.0;300.0;;0.0;300.0;;0.0;300.0;;0.0;300.0;;0.0;300.0;;0.0;300.0;;0.0;300.0;;0.0;300.0;;0.0;300.0;;0.0;300.0;;0.0;300.0;;0.0;300.0;;0.0;300.0;;0.0;300.0;;0.0;300.0;;0.0;300.0;;0.0;300.0;;0.0;300.0;;0.0;300.0;;0.0;300.0;;0.0;300.0;;0.0;300.0;;0.0;300.0;;0.0;300.0;;0.0;300.0;;0.0;300.0;;0.0;300.0;;0.0;300.0;;0.0;300.0;;0.0;300.0;;0.0;300.0;;0.0;300.0;;0.0;300.0;;0.0;300.0;;0.0;300.0;;0.0;300.0;;0.0;300.0;;0.0;300.0;;0.0;300.0;;0.0;300.0;;0.0;300.0;;0.0;300.0;;0.0;300.0;;0.0;300.0;;0.0;300.0;;0.0;300.0;;0.0;300.0;;0.0;300.0;;0.0;300.0;;0.0;300.0;;0.0;300.0;;0.0;300.0;;0.0;300.0;;0.0;300.0;;0.0;300.0;;0.0;300.0;;0.0;300.0;;0.0;300.0;;0.0;300.0;;0.0;300.0;;0.0;300.0;;0.0;300.0;;0.0;300.0;;0.0;300.0;;0.0;300.0;;0.0;300.0;;0.0;300.0;;0.0;300.0;;0.0;300.0;;0.0;300.0;;0.0;300.0;;0.0;300.0;;0.0;300.0;;0.0;300.0;;0.0;300.0;;0.0;300.0;;0.0;300.0;;0.0;300.0;;0.0;300.0;;0.0;300.0;;0.0;300.0;;0.0;300.0;;0.0;300.0;;0.0;300.0;;0.0;300.0;;0.0;300.0;;0.0;300.0;;0.0;300.0;;0.0;300.0;;0.0;300.0;;0.0;300.0;;0.0;300.0;;0.0;300.0;;0.0;300.0;;0.0;300.0;;0.0;300.0;;0.0;300.0;;0.0;300.0;;0.0;300.0;;0.0;300.0;;0.0;300.0;;0.0;300.0;;0.0;300.0;;0.0;300.0;;0.0;300.0;;0.0;300.0;;0.0;300.0;;0.0;300.0;;0.0;300.0;;0.0;300.0;;0.0;300.0;;0.0;300.0;;0.0;300.0;;0.0;300.0;;0.0;300.0;;0.0;300.0;;0.0;300.0;;0.0;300.0;;0.0;300.0;;0.0;300.0;;0.0;300.0;;0.0;300.0;;0.0;300.0;;0.0;300.0;;0.0;300.0;;0.0;300.0;;0.0;300.0;;0.0;300.0;;0.0;300.0;;0.0;300.0;;0.0;300.0;;0.0;300.0;;0.0;300.0;;0.0;300.0;;0.0;300.0;;0.0;300.0;;0.0;360.0;;0.0;360.0;;0.0;360.0;;0.0;360.0;;0.0;360.0;;0.0;360.0;;0.0;360.0;;0.0;360.0;;0.0;360.0;;0.0;360.0;;0.0;360.0;;0.0;360.0;;0.0;360.0;;0.0;360.0;;0.0;360.0;;0.0;360.0;;0.0;360.0;;0.0;360.0;;0.0;360.0;;0.0;360.0;;0.0;360.0;;0.0;360.0;;0.0;360.0;;0.0;360.0;;0.0;360.0;;0.0;360.0;;0.0;360.0;;0.0;360.0;;0.0;360.0;;0.0;360.0;;0.0;360.0;;0.0;360.0;;0.0;360.0;;0.0;360.0;;0.0;360.0;;0.0;360.0;;0.0;360.0;;0.0;360.0;;0.0;360.0;;0.0;360.0;;0.0;360.0;;0.0;360.0;;0.0;360.0;;0.0;360.0;;0.0;360.0;;0.0;360.0;;0.0;360.0;;0.0;360.0;;0.0;360.0;;0.0;360.0;;0.0;360.0;;0.0;360.0;;0.0;360.0;;0.0;360.0;;0.0;360.0;;0.0;360.0;;0.0;360.0;;0.0;360.0;;0.0;360.0;;0.0;360.0;;0.0;360.0;;0.0;360.0;;0.0;360.0;;0.0;360.0;;0.0;360.0;;0.0;360.0;;0.0;360.0;;0.0;360.0;;0.0;360.0;;0.0;360.0;;0.0;360.0;;0.0;360.0;;0.0;360.0;;0.0;360.0;;0.0;360.0;;0.0;360.0;;0.0;360.0;;0.0;360.0;;0.0;360.0;;0.0;360.0;;0.0;360.0;;0.0;360.0;;0.0;360.0;;0.0;360.0;;0.0;360.0;;0.0;420.0;;0.0;420.0;;0.0;420.0;;0.0;420.0;;0.0;420.0;;0.0;420.0;;0.0;420.0;;0.0;420.0;;0.0;420.0;;0.0;420.0;;0.0;420.0;;0.0;420.0;;0.0;420.0;;0.0;420.0;;0.0;420.0;;0.0;420.0;;0.0;420.0;;0.0;420.0;;0.0;420.0;;0.0;420.0;;0.0;420.0;;0.0;420.0;;0.0;420.0;;0.0;420.0;;0.0;420.0;;0.0;420.0;;0.0;420.0;;0.0;420.0;;0.0;420.0;;0.0;420.0;;0.0;420.0;;0.0;420.0;;0.0;420.0;;0.0;420.0;;0.0;420.0;;0.0;420.0;;0.0;420.0;;0.0;420.0;;0.0;420.0;;0.0;420.0;;0.0;420.0;;0.0;420.0;;0.0;420.0;;0.0;420.0;;0.0;420.0;;0.0;420.0;;0.0;420.0;;0.0;420.0;;0.0;420.0;;0.0;420.0;;0.0;420.0;;0.0;420.0;;0.0;420.0;;0.0;420.0;;0.0;420.0;;0.0;420.0;;0.0;420.0;;0.0;420.0;;0.0;420.0;;0.0;420.0;;0.0;420.0;;0.0;420.0;;0.0;420.0;;0.0;420.0;;0.0;420.0;;0.0;420.0;;0.0;420.0;;0.0;420.0;;0.0;420.0;;0.0;420.0;;0.0;420.0;;0.0;420.0;;0.0;420.0;;0.0;420.0;;0.0;420.0;;0.0;420.0;;0.0;420.0;;0.0;420.0;;0.0;420.0;;0.0;420.0;;0.0;420.0;;0.0;420.0;;0.0;420.0;;0.0;420.0;;0.0;420.0;;0.0;420.0;;0.0;420.0;;0.0;420.0;;0.0;420.0;;0.0;420.0;;0.0;420.0;;0.0;420.0;;0.0;420.0;;0.0;420.0;;0.0;420.0;;0.0;420.0;;0.0;420.0;;0.0;420.0;;0.0;420.0;;0.0;420.0;;0.0;420.0;;0.0;420.0;;0.0;420.0;;0.0;420.0;;0.0;420.0;;0.0;420.0;;0.0;420.0;;0.0;420.0;;0.0;420.0;;0.0;420.0;;0.0;420.0;;0.0;420.0;;0.0;420.0;;0.0;420.0;;0.0;420.0;;0.0;420.0;;0.0;420.0;;0.0;420.0;;0.0;420.0;;0.0;420.0;;0.0;420.0;;0.0;420.0;;0.0;420.0;;0.0;420.0;;0.0;420.0;;0.0;420.0;;0.0;420.0;;0.0;420.0;;0.0;420.0;;0.0;420.0;;0.0;420.0;;0.0;420.0;;0.0;420.0;;0.0;420.0;;0.0;420.0;;0.0;420.0;;0.0;420.0;;0.0;420.0;;0.0;420.0;;0.0;420.0;;0.0;420.0;;0.0;420.0;;0.0;420.0;;0.0;420.0;;0.0;420.0;;0.0;420.0;;0.0;420.0;;0.0;420.0;;0.0;420.0;;0.0;420.0;;0.0;420.0;;0.0;420.0;;0.0;420.0;;0.0;420.0;;0.0;420.0;;0.0;420.0;;0.0;420.0;;0.0;420.0;;0.0;420.0;;0.0;420.0;;0.0;420.0;;0.0;420.0;;0.0;420.0;;0.0;420.0;;0.0;420.0;;0.0;420.0;;0.0;420.0;;0.0;420.0;;0.0;420.0;;0.0;420.0;;0.0;420.0;;0.0;420.0;;0.0;420.0;;0.0;420.0;;0.0;420.0;;0.0;420.0;;0.0;420.0;;0.0;420.0;;0.0;420.0;;0.0;420.0;;0.0;420.0;;0.0;420.0;;0.0;420.0;;0.0;420.0;;0.0;420.0;;0.0;420.0;;0.0;420.0;;0.0;420.0;;0.0;420.0;;0.0;420.0;;0.0;420.0;;0.0;420.0;;0.0;420.0;;0.0;420.0;;0.0;420.0;;0.0;420.0;;0.0;420.0;;0.0;420.0;;0.0;420.0;;0.0;420.0;;0.0;420.0;;0.0;420.0;;0.0;420.0;;0.0;420.0;;0.0;420.0;;0.0;420.0;;0.0;420.0;;0.0;420.0;;0.0;420.0;;0.0;420.0;;30.0;210.0;R;30.0;210.0;R;0.0;210.0;A;30.0;210.0;R;0.0;210.0;A;12;
Bot Easy;0.0;240.0;;0.0;240.0;;0.0;240.0;;0.0;240.0;;0.0;240.0;;0.0;240.0;;0.0;240.0;;0.0;240.0;;0.0;240.0;;0.0;240.0;;0.0;240.0;;0.0;240.0;;0.0;240.0;;0.0;240.0;;0.0;240.0;;0.0;240.0;;0.0;240.0;;0.0;240.0;;0.0;240.0;;0.0;240.0;;0.0;240.0;;0.0;240.0;;0.0;240.0;;0.0;240.0;;0.0;240.0;;0.0;240.0;;0.0;180.0;T;0.0;180.0;T;0.0;180.0;T;0.0;180.0;T;0.0;180.0;T;0.0;150.0;E;9;
Bot Easy;30.0;150.0;A;30.0;150.0;A;30.0;150.0;A;30.0;150.0;A;30.0;150.0;A;30.0;150.0;A;60.0;150.0;L;30.0;150.0;A;30.0;150.0;A;60.0;150.0;L;90.0;150.0;E;120.0;150.0;S;7;
Bot Medium;30.0;120.0;;30.0;90.0;;30.0;60.0;;30.0;120.0;;0.0;300.0;;0.0;300.0;;0.0;420.0;;0.0;420.0;;0.0;420.0;;0.0;420.0;;0.0;420.0;;0.0;420.0;;0.0;420.0;;0.0;420.0;;0.0;420.0;;0.0;420.0;;0.0;420.0;;0.0;420.0;;0.0;420.0;;0.0;420.0;;90.0;120.0;V;90.0;90.0;I;90.0;60.0;R;90.0;120.0;V;90.0;90.0;I;90.0;60.0;R;90.0;120.0;V;90.0;90.0;I;90.0;60.0;R;90.0;30.0;D;18;
Bot Easy;30.0;120.0;H;30.0;120.0;H;30.0;120.0;H;30.0;90.0;P;30.0;60.0;E;11;
Bot Medium;0.0;60.0;;0.0;60.0;;0.0;60.0;;0.0;60.0;;0.0;300.0;;0.0;300.0;;0.0;300.0;;0.0;300.0;;0.0;300.0;;0.0;360.0;;0.0;360.0;;0.0;420.0;;0.0;420.0;;0.0;420.0;;0.0;420.0;;60.0;180.0;;120.0;30.0;I;150.0;30.0;M;180.0;30.0;W;210.0;30.0;I;240.0;30.0;T;0;
Bot Easy;0.0;60.0;;0.0;60.0;;0.0;60.0;;0.0;60.0;;0.0;60.0;;60.0;60.0;;60.0;60.0;;60.0;60.0;;60.0;60.0;;60.0;60.0;;60.0;60.0;;60.0;60.0;;0.0;60.0;;0.0;60.0;;0.0;60.0;;0.0;60.0;;0.0;60.0;;0.0;60.0;;0.0;60.0;;0.0;60.0;;0.0;60.0;;0.0;60.0;;0.0;60.0;;0.0;60.0;;0.0;60.0;;0.0;60.0;;0.0;60.0;;0.0;60.0;;0.0;60.0;;0.0;60.0;;0.0;60.0;;0.0;60.0;;0.0;60.0;;0.0;60.0;;0.0;60.0;;0.0;60.0;;0.0;60.0;;0.0;60.0;;0.0;60.0;;0.0;60.0;;0.0;60.0;;0.0;60.0;;0.0;60.0;;0.0;60.0;;0.0;60.0;;0.0;60.0;;0.0;60.0;;0.0;60.0;;0.0;60.0;;0.0;60.0;;0.0;60.0;;0.0;60.0;;0.0;60.0;;0.0;60.0;;0.0;60.0;;0.0;60.0;;0.0;60.0;;0.0;60.0;;0.0;60.0;;0.0;90.0;;0.0;90.0;;0.0;90.0;;0.0;90.0;;0.0;90.0;;0.0;90.0;;0.0;90.0;;0.0;90.0;;0.0;90.0;;0.0;90.0;;0.0;90.0;;0.0;90.0;;60.0;90.0;;60.0;90.0;;60.0;90.0;;60.0;90.0;;60.0;90.0;;60.0;90.0;;60.0;90.0;;60.0;90.0;;60.0;90.0;;60.0;90.0;;60.0;90.0;;60.0;90.0;;60.0;90.0;;60.0;90.0;;60.0;90.0;;60.0;90.0;;60.0;90.0;;0.0;90.0;;0.0;90.0;;0.0;90.0;;0.0;90.0;;0.0;90.0;;0.0;90.0;;0.0;90.0;;0.0;90.0;;0.0;90.0;;0.0;300.0;;0.0;300.0;;0.0;300.0;;0.0;300.0;;0.0;300.0;;0.0;300.0;;0.0;300.0;;0.0;300.0;;0.0;300.0;;0.0;300.0;;0.0;300.0;;0.0;300.0;;0.0;300.0;;0.0;300.0;;0.0;300.0;;0.0;300.0;;0.0;300.0;;0.0;300.0;;0.0;300.0;;0.0;300.0;;0.0;300.0;;0.0;300.0;;0.0;300.0;;0.0;300.0;;0.0;300.0;;0.0;300.0;;0.0;300.0;;0.0;300.0;;0.0;300.0;;0.0;300.0;;0.0;300.0;;0.0;360.0;;0.0;360.0;;0.0;360.0;;0.0;360.0;;0.0;360.0;;0.0;360.0;;0.0;360.0;;0.0;360.0;;0.0;360.0;;0.0;360.0;;0.0;360.0;;0.0;360.0;;0.0;360.0;;0.0;360.0;;0.0;360.0;;0.0;360.0;;0.0;360.0;;0.0;360.0;;0.0;360.0;;0.0;360.0;;0.0;360.0;;0.0;360.0;;0.0;360.0;;0.0;360.0;;0.0;360.0;;0.0;360.0;;0.0;420.0;;0.0;420.0;;0.0;420.0;;0.0;420.0;;0.0;420.0;;0.0;420.0;;0.0;420.0;;0.0;420.0;;0.0;420.0;;0.0;420.0;;0.0;420.0;;0.0;420.0;;0.0;420.0;;0.0;420.0;;0.0;420.0;;0.0;420.0;;0.0;420.0;;0.0;420.0;;0.0;420.0;;0.0;420.0;;0.0;420.0;;0.0;420.0;;0.0;420.0;;0.0;420.0;;0.0;420.0;;0.0;420.0;;0.0;420.0;;0.0;420.0;;0.0;420.0;;0.0;420.0;;0.0;420.0;;0.0;420.0;;0.0;420.0;;0.0;420.0;;0.0;420.0;;0.0;420.0;;0.0;420.0;;0.0;420.0;;0.0;420.0;;0.0;420.0;;0.0;420.0;;0.0;420.0;;0.0;420.0;;0.0;420.0;;0.0;420.0;;0.0;420.0;;0.0;420.0;;0.0;420.0;;0.0;420.0;;0.0;420.0;;0.0;420.0;;0.0;420.0;;60.0;180.0;;60.0;180.0;;60.0;180.0;;60.0;180.0;;60.0;180.0;;60.0;180.0;;60.0;180.0;;60.0;180.0;;60.0;180.0;;60.0;180.0;;60.0;180.0;;60.0;180.0;;60.0;180.0;;60.0;180.0;;60.0;180.0;;60.0;180.0;;60.0;180.0;;60.0;180.0;;60.0;180.0;;60.0;180.0;;60.0;180.0;;60.0;180.0;;60.0;180.0;;60.0;180.0;;60.0;180.0;;60.0;180.0;;60.0;180.0;;60.0;180.0;;60.0;180.0;;60.0;180.0;;60.0;180.0;;60.0;180.0;;60.0;180.0;;60.0;180.0;;60.0;180.0;;60.0;180.0;;60.0;180.0;;60.0;180.0;;60.0;180.0;;60.0;180.0;;60.0;180.0;;60.0;180.0;;60.0;180.0;;60.0;180.0;;60.0;180.0;;60.0;180.0;;60.0;180.0;;60.0;180.0;;60.0;180.0;;60.0;180.0;;60.0;60.0;;60.0;60.0;;60.0;60.0;;60.0;60.0;;60.0;60.0;;60.0;60.0;;60.0;60.0;;60.0;60.0;;60.0;60.0;;60.0;60.0;;60.0;60.0;;60.0;60.0;;60.0;60.0;;60.0;60.0;;60.0;60.0;;60.0;60.0;;60.0;60.0;;60.0;60.0;;60.0;60.0;;60.0;60.0;;60.0;60.0;;60.0;60.0;;60.0;60.0;;60.0;60.0;;60.0;60.0;;60.0;60.0;;60.0;60.0;;60.0;60.0;;60.0;60.0;;60.0;60.0;;60.0;60.0;;60.0;60.0;;60.0;60.0;;60.0;60.0;;60.0;60.0;;60.0;60.0;;60.0;60.0;;60.0;60.0;;60.0;60.0;;60.0;60.0;;60.0;60.0;;60.0;60.0;;60.0;60.0;;60.0;60.0;;60.0;60.0;;60.0;60.0;;60.0;60.0;;60.0;60.0;;60.0;60.0;;60.0;60.0;;60.0;60.0;;60.0;60.0;;60.0;60.0;;60.0;60.0;;60.0;60.0;;60.0;60.0;;60.0;60.0;;60.0;60.0;;60.0;60.0;;60.0;60.0;;60.0;60.0;;60.0;90.0;;60.0;90.0;;60.0;90.0;;60.0;90.0;;60.0;90.0;;60.0;90.0;;60.0;90.0;;60.0;90.0;;120.0;90.0;O;150.0;90.0;T;180.0;90.0;A;0;
Bot Medium;0.0;60.0;;0.0;60.0;;0.0;60.0;;0.0;60.0;;0.0;90.0;;0.0;90.0;;0.0;90.0;;60.0;90.0;;60.0;90.0;;60.0;90.0;;60.0;90.0;;0.0;300.0;;0.0;300.0;;0.0;300.0;;0.0;300.0;;0.0;300.0;;0.0;300.0;;0.0;300.0;;0.0;300.0;;0.0;300.0;;0.0;300.0;;0.0;360.0;;0.0;360.0;;0.0;360.0;;0.0;360.0;;0.0;360.0;;0.0;360.0;;0.0;360.0;;0.0;360.0;;0.0;360.0;;0.0;360.0;;0.0;360.0;;0.0;360.0;;0.0;360.0;;0.0;360.0;;0.0;420.0;;0.0;420.0;;0.0;420.0;;0.0;420.0;;60.0;180.0;;60.0;180.0;;60.0;180.0;;60.0;180.0;;60.0;180.0;;60.0;60.0;;60.0;60.0;;60.0;60.0;;60.0;60.0;;60.0;60.0;;60.0;60.0;;60.0;60.0;;60.0;60.0;;90.0;300.0;;90.0;300.0;;90.0;300.0;;90.0;300.0;;90.0;300.0;;90.0;300.0;;90.0;300.0;;90.0;300.0;;90.0;300.0;;90.0;300.0;;90.0;300.0;;90.0;300.0;;90.0;300.0;;90.0;360.0;;90.0;420.0;;90.0;360.0;;90.0;360.0;;90.0;360.0;;120.0;0.0;;120.0;0.0;;120.0;180.0;;120.0;210.0;;120.0;180.0;;120.0;180.0;;120.0;210.0;;120.0;180.0;;120.0;210.0;;120.0;180.0;;120.0;210.0;;120.0;180.0;;120.0;210.0;;120.0;180.0;;120.0;210.0;;150.0;0.0;;150.0;0.0;;150.0;0.0;;150.0;0.0;;150.0;60.0;;150.0;60.0;;150.0;60.0;;150.0;60.0;;150.0;60.0;;150.0;60.0;;150.0;60.0;;150.0;60.0;;150.0;60.0;;150.0;60.0;;150.0;60.0;;150.0;60.0;;150.0;60.0;;150.0;60.0;;150.0;60.0;;150.0;60.0;;150.0;120.0;;120.0;330.0;;120.0;330.0;;120.0;360.0;;120.0;360.0;;120.0;360.0;;120.0;360.0;;120.0;360.0;;120.0;360.0;;120.0;360.0;;120.0;360.0;;120.0;360.0;;120.0;360.0;;120.0;360.0;;120.0;360.0;;120.0;360.0;;120.0;360.0;;180.0;360.0;E;210.0;360.0;L;240.0;360.0;I;270.0;360.0;C;0;
Bot Easy;0.0;60.0;;0.0;60.0;;0.0;60.0;;0.0;60.0;;0.0;60.0;;0.0;60.0;;0.0;60.0;;0.0;60.0;;0.0;60.0;;60.0;60.0;;60.0;60.0;;60.0;60.0;;60.0;60.0;;0.0;60.0;;0.0;60.0;;0.0;60.0;;0.0;60.0;;0.0;60.0;;0.0;60.0;;0.0;60.0;;0.0;60.0;;0.0;60.0;;0.0;60.0;;0.0;60.0;;0.0;60.0;;0.0;60.0;;0.0;60.0;;0.0;60.0;;0.0;60.0;;0.0;60.0;;0.0;60.0;;0.0;60.0;;0.0;60.0;;0.0;60.0;;0.0;60.0;;0.0;60.0;;0.0;60.0;;0.0;60.0;;0.0;60.0;;0.0;60.0;;0.0;60.0;;0.0;60.0;;0.0;60.0;;0.0;60.0;;0.0;60.0;;0.0;60.0;;0.0;60.0;;0.0;90.0;;0.0;90.0;;0.0;90.0;;0.0;90.0;;0.0;90.0;;0.0;90.0;;0.0;90.0;;0.0;90.0;;0.0;90.0;;0.0;90.0;;60.0;90.0;;60.0;90.0;;60.0;90.0;;60.0;90.0;;60.0;90.0;;60.0;90.0;;60.0;90.0;;60.0;90.0;;60.0;90.0;;60.0;90.0;;60.0;90.0;;60.0;90.0;;60.0;90.0;;60.0;90.0;;60.0;90.0;;0.0;90.0;;0.0;90.0;;0.0;90.0;;0.0;90.0;;0.0;90.0;;0.0;90.0;;0.0;90.0;;0.0;90.0;;0.0;90.0;;0.0;300.0;;0.0;300.0;;0.0;300.0;;0.0;300.0;;0.0;300.0;;0.0;300.0;;0.0;300.0;;0.0;300.0;;0.0;300.0;;0.0;300.0;;0.0;300.0;;0.0;300.0;;0.0;300.0;;0.0;300.0;;0.0;300.0;;0.0;300.0;;0.0;300.0;;0.0;300.0;;0.0;300.0;;0.0;300.0;;0.0;300.0;;0.0;300.0;;0.0;300.0;;0.0;300.0;;0.0;300.0;;0.0;360.0;;0.0;360.0;;0.0;360.0;;0.0;360.0;;0.0;360.0;;0.0;360.0;;0.0;360.0;;0.0;360.0;;0.0;360.0;;0.0;360.0;;0.0;360.0;;0.0;360.0;;0.0;360.0;;0.0;360.0;;0.0;360.0;;0.0;360.0;;0.0;360.0;;0.0;360.0;;0.0;360.0;;0.0;360.0;;0.0;360.0;;0.0;360.0;;0.0;360.0;;0.0;360.0;;0.0;360.0;;0.0;360.0;;0.0;360.0;;0.0;360.0;;0.0;360.0;;0.0;360.0;;0.0;360.0;;0.0;360.0;;0.0;360.0;;0.0;360.0;;0.0;360.0;;0.0;360.0;;0.0;360.0;;0.0;360.0;;0.0;360.0;;0.0;360.0;;0.0;360.0;;0.0;360.0;;0.0;360.0;;0.0;360.0;;0.0;420.0;;0.0;420.0;;0.0;420.0;;0.0;420.0;;0.0;420.0;;0.0;420.0;;0.0;420.0;;0.0;420.0;;0.0;420.0;;0.0;420.0;;0.0;420.0;;0.0;420.0;;0.0;420.0;;0.0;420.0;;0.0;420.0;;0.0;420.0;;0.0;420.0;;0.0;420.0;;0.0;420.0;;0.0;420.0;;0.0;420.0;;0.0;420.0;;0.0;420.0;;0.0;420.0;;0.0;420.0;;0.0;420.0;;0.0;420.0;;0.0;420.0;;0.0;420.0;;0.0;420.0;;0.0;420.0;;0.0;420.0;;0.0;420.0;;0.0;420.0;;0.0;420.0;;0.0;420.0;;0.0;420.0;;0.0;420.0;;0.0;420.0;;0.0;420.0;;0.0;420.0;;0.0;420.0;;0.0;420.0;;60.0;180.0;;60.0;180.0;;60.0;180.0;;60.0;180.0;;60.0;180.0;;60.0;180.0;;60.0;180.0;;60.0;180.0;;60.0;180.0;;60.0;180.0;;60.0;180.0;;60.0;180.0;;60.0;180.0;;60.0;180.0;;60.0;180.0;;60.0;180.0;;60.0;180.0;;60.0;180.0;;60.0;180.0;;60.0;180.0;;60.0;180.0;;60.0;180.0;;60.0;180.0;;60.0;180.0;;60.0;180.0;;60.0;180.0;;60.0;180.0;;60.0;180.0;;60.0;180.0;;60.0;180.0;;60.0;180.0;;60.0;180.0;;60.0;180.0;;60.0;180.0;;60.0;180.0;;60.0;180.0;;60.0;180.0;;60.0;180.0;;60.0;180.0;;60.0;180.0;;60.0;180.0;;60.0;180.0;;60.0;180.0;;60.0;180.0;;60.0;180.0;;60.0;180.0;;60.0;60.0;;60.0;60.0;;60.0;60.0;;60.0;60.0;;60.0;60.0;;60.0;60.0;;60.0;60.0;;60.0;60.0;;60.0;60.0;;60.0;60.0;;60.0;60.0;;60.0;60.0;;60.0;60.0;;60.0;60.0;;60.0;60.0;;60.0;60.0;;60.0;60.0;;60.0;60.0;;60.0;60.0;;60.0;60.0;;60.0;60.0;;60.0;60.0;;60.0;60.0;;60.0;60.0;;60.0;60.0;;60.0;60.0;;60.0;60.0;;60.0;60.0;;60.0;60.0;;60.0;60.0;;60.0;60.0;;60.0;60.0;;60.0;60.0;;60.0;60.0;;60.0;60.0;;60.0;60.0;;60.0;60.0;;60.0;60.0;;60.0;60.0;;60.0;60.0;;60.0;60.0;;60.0;60.0;;60.0;60.0;;90.0;300.0;;90.0;300.0;;90.0;300.0;;90.0;300.0;;90.0;300.0;;90.0;300.0;;90.0;300.0;;90.0;300.0;;90.0;300.0;;90.0;300.0;;90.0;300.0;;90.0;300.0;;90.0;300.0;;90.0;300.0;;90.0;300.0;;90.0;300.0;;90.0;300.0;;90.0;300.0;;90.0;300.0;;90.0;300.0;;90.0;300.0;;90.0;300.0;;90.0;300.0;;90.0;300.0;;90.0;300.0;;90.0;300.0;;90.0;300.0;;90.0;300.0;;90.0;300.0;;90.0;300.0;;90.0;300.0;;90.0;300.0;;90.0;300.0;;90.0;300.0;;90.0;300.0;;90.0;360.0;;90.0;360.0;;90.0;360.0;;90.0;360.0;;90.0;360.0;;90.0;300.0;;90.0;300.0;;90.0;300.0;;90.0;300.0;;90.0;300.0;;90.0;300.0;;90.0;300.0;;90.0;300.0;;90.0;300.0;;90.0;300.0;;90.0;300.0;;90.0;300.0;;90.0;300.0;;90.0;300.0;;90.0;300.0;;90.0;300.0;;90.0;300.0;;90.0;300.0;;90.0;300.0;;90.0;300.0;;90.0;300.0;;90.0;300.0;;90.0;300.0;;90.0;300.0;;90.0;300.0;;90.0;300.0;;90.0;300.0;;90.0;300.0;;90.0;300.0;;90.0;300.0;;90.0;300.0;;90.0;300.0;;90.0;360.0;;90.0;360.0;;90.0;360.0;;90.0;360.0;;90.0;420.0;;90.0;420.0;;90.0;420.0;;90.0;420.0;;90.0;420.0;;90.0;420.0;;90.0;420.0;;90.0;420.0;;90.0;420.0;;90.0;420.0;;90.0;420.0;;90.0;420.0;;90.0;420.0;;90.0;420.0;;90.0;420.0;;90.0;360.0;;90.0;360.0;;90.0;360.0;;90.0;360.0;;90.0;360.0;;90.0;360.0;;90.0;360.0;;90.0;360.0;;90.0;360.0;;90.0;360.0;;90.0;360.0;;90.0;360.0;;90.0;360.0;;90.0;360.0;;90.0;360.0;;90.0;360.0;;90.0;360.0;;90.0;360.0;;90.0;360.0;;90.0;360.0;;90.0;360.0;;90.0;360.0;;90.0;360.0;;120.0;0.0;;120.0;0.0;;120.0;0.0;;120.0;0.0;;120.0;0.0;;120.0;0.0;;120.0;0.0;;120.0;0.0;;120.0;0.0;;120.0;0.0;;120.0;0.0;;120.0;0.0;;120.0;0.0;;120.0;0.0;;120.0;180.0;A;120.0;180.0;A;120.0;180.0;A;120.0;210.0;G;7;
Bot Medium;0.0;60.0;;0.0;60.0;;0.0;60.0;;0.0;60.0;;0.0;60.0;;0.0;60.0;;0.0;60.0;;0.0;60.0;;0.0;60.0;;0.0;90.0;;60.0;90.0;;0.0;300.0;;0.0;300.0;;0.0;300.0;;0.0;300.0;;0.0;300.0;;0.0;300.0;;0.0;300.0;;0.0;360.0;;0.0;360.0;;0.0;420.0;;0.0;420.0;;0.0;420.0;;0.0;420.0;;0.0;420.0;;0.0;420.0;;0.0;420.0;;0.0;420.0;;0.0;420.0;;60.0;180.0;;60.0;180.0;;60.0;60.0;;90.0;300.0;;90.0;300.0;;90.0;300.0;;90.0;300.0;;90.0;300.0;;90.0;300.0;;90.0;300.0;;90.0;300.0;;90.0;300.0;;90.0;360.0;;120.0;0.0;;150.0;180.0;;180.0;180.0;;150.0;180.0;;180.0;180.0;;150.0;180.0;;180.0;180.0;;90.0;210.0;;150.0;60.0;;150.0;60.0;;120.0;330.0;;180.0;0.0;;180.0;0.0;;180.0;60.0;;180.0;60.0;;180.0;60.0;;180.0;60.0;;180.0;60.0;;180.0;60.0;;180.0;60.0;;180.0;390.0;;180.0;390.0;;180.0;420.0;;180.0;390.0;;210.0;0.0;;210.0;270.0;;210.0;270.0;;210.0;270.0;;210.0;270.0;;210.0;270.0;;210.0;330.0;;210.0;330.0;;210.0;330.0;;210.0;330.0;;240.0;0.0;;240.0;0.0;;240.0;180.0;I;240.0;150.0;T;240.0;120.0;N;240.0;90.0;I;12;
Bot Easy;60.0;60.0;;60.0;60.0;;0.0;60.0;;0.0;60.0;;0.0;60.0;;0.0;60.0;;0.0;60.0;;0.0;60.0;;0.0;60.0;;0.0;60.0;;0.0;60.0;;0.0;60.0;;0.0;60.0;;0.0;60.0;;0.0;60.0;;0.0;60.0;;0.0;60.0;;0.0;60.0;;0.0;60.0;;0.0;60.0;;0.0;60.0;;0.0;60.0;;0.0;60.0;;0.0;60.0;;0.0;60.0;;0.0;60.0;;0.0;60.0;;60.0;90.0;;60.0;90.0;;60.0;90.0;;60.0;90.0;;60.0;90.0;;60.0;90.0;;60.0;90.0;;60.0;90.0;;60.0;90.0;;60.0;90.0;;60.0;90.0;;60.0;90.0;;60.0;90.0;;60.0;90.0;;60.0;90.0;;60.0;90.0;;60.0;90.0;;60.0;90.0;;0.0;90.0;;0.0;90.0;;0.0;90.0;;0.0;90.0;;0.0;90.0;;0.0;90.0;;0.0;90.0;;0.0;90.0;;0.0;300.0;;0.0;300.0;;0.0;300.0;;0.0;300.0;;0.0;300.0;;0.0;300.0;;0.0;300.0;;0.0;300.0;;0.0;300.0;;0.0;300.0;;0.0;300.0;;0.0;300.0;;0.0;300.0;;0.0;300.0;;0.0;300.0;;0.0;300.0;;0.0;300.0;;0.0;300.0;;0.0;300.0;;0.0;300.0;;0.0;300.0;;0.0;300.0;;0.0;300.0;;0.0;300.0;;0.0;300.0;;0.0;300.0;;0.0;300.0;;0.0;300.0;;0.0;300.0;;0.0;300.0;;0.0;300.0;;0.0;300.0;;0.0;300.0;;0.0;300.0;;0.0;300.0;;0.0;300.0;;0.0;300.0;;0.0;300.0;;0.0;300.0;;0.0;300.0;;0.0;300.0;;0.0;300.0;;0.0;300.0;;0.0;300.0;;0.0;300.0;;0.0;360.0;;0.0;360.0;;0.0;360.0;;0.0;360.0;;0.0;360.0;;0.0;360.0;;0.0;360.0;;0.0;360.0;;0.0;360.0;;0.0;360.0;;0.0;360.0;;0.0;360.0;;0.0;360.0;;0.0;360.0;;0.0;360.0;;0.0;360.0;;0.0;360.0;;0.0;360.0;;0.0;360.0;;0.0;360.0;;0.0;360.0;;0.0;360.0;;0.0;360.0;;0.0;360.0;;0.0;360.0;;0.0;360.0;;0.0;360.0;;0.0;360.0;;0.0;360.0;;0.0;360.0;;0.0;360.0;;0.0;360.0;;0.0;360.0;;0.0;360.0;;0.0;360.0;;0.0;360.0;;0.0;360.0;;0.0;360.0;;0.0;360.0;;0.0;360.0;;0.0;360.0;;0.0;360.0;;0.0;360.0;;0.0;360.0;;0.0;360.0;;0.0;420.0;;0.0;420.0;;0.0;420.0;;0.0;420.0;;0.0;420.0;;0.0;420.0;;0.0;420.0;;0.0;420.0;;0.0;420.0;;0.0;420.0;;0.0;420.0;;0.0;420.0;;0.0;420.0;;0.0;420.0;;0.0;420.0;;0.0;420.0;;0.0;420.0;;0.0;420.0;;0.0;420.0;;0.0;420.0;;0.0;420.0;;0.0;420.0;;0.0;420.0;;0.0;420.0;;0.0;420.0;;60.0;180.0;;60.0;180.0;;60.0;180.0;;60.0;180.0;;60.0;180.0;;60.0;180.0;;60.0;180.0;;60.0;180.0;;60.0;180.0;;60.0;180.0;;60.0;180.0;;60.0;180.0;;60.0;180.0;;60.0;180.0;;60.0;180.0;;60.0;180.0;;60.0;180.0;;60.0;180.0;;60.0;180.0;;60.0;180.0;;60.0;180.0;;60.0;180.0;;60.0;180.0;;60.0;180.0;;60.0;180.0;;60.0;180.0;;60.0;180.0;;60.0;180.0;;60.0;180.0;;60.0;180.0;;60.0;180.0;;60.0;180.0;;60.0;180.0;;60.0;180.0;;60.0;180.0;;60.0;180.0;;60.0;180.0;;60.0;180.0;;60.0;180.0;;60.0;180.0;;60.0;180.0;;60.0;180.0;;60.0;180.0;;60.0;180.0;;60.0;180.0;;60.0;180.0;;60.0;180.0;;60.0;180.0;;60.0;180.0;;60.0;180.0;;60.0;180.0;;60.0;180.0;;60.0;180.0;;60.0;180.0;;60.0;180.0;;60.0;180.0;;60.0;180.0;;60.0;180.0;;60.0;180.0;;60.0;180.0;;60.0;180.0;;60.0;60.0;;60.0;60.0;;60.0;60.0;;60.0;60.0;;60.0;60.0;;60.0;60.0;;60.0;60.0;;60.0;60.0;;60.0;60.0;;60.0;60.0;;60.0;60.0;;60.0;60.0;;60.0;60.0;;60.0;60.0;;60.0;60.0;;60.0;60.0;;60.0;60.0;;60.0;60.0;;60.0;60.0;;60.0;60.0;;60.0;60.0;;60.0;60.0;;60.0;60.0;;60.0;60.0;;60.0;60.0;;60.0;60.0;;60.0;60.0;;60.0;60.0;;60.0;60.0;;60.0;60.0;;60.0;60.0;;60.0;60.0;;60.0;60.0;;60.0;60.0;;60.0;60.0;;60.0;60.0;;60.0;60.0;;60.0;60.0;;60.0;60.0;;60.0;60.0;;60.0;60.0;;60.0;60.0;;60.0;60.0;;60.0;60.0;;60.0;60.0;;60.0;60.0;;60.0;60.0;;60.0;60.0;;60.0;60.0;;60.0;60.0;;60.0;60.0;;60.0;60.0;;60.0;60.0;;60.0;60.0;;60.0;60.0;;60.0;60.0;;60.0;60.0;;60.0;60.0;;60.0;60.0;;60.0;60.0;;60.0;60.0;;60.0;60.0;;90.0;300.0;;90.0;300.0;;90.0;300.0;;90.0;300.0;;90.0;300.0;;90.0;300.0;;90.0;300.0;;90.0;300.0;;90.0;300.0;;90.0;300.0;;90.0;300.0;;90.0;300.0;;90.0;300.0;;90.0;300.0;;90.0;300.0;;90.0;300.0;;90.0;300.0;;90.0;300.0;;90.0;300.0;;90.0;300.0;;90.0;300.0;;90.0;300.0;;90.0;300.0;;90.0;300.0;;90.0;300.0;;90.0;300.0;;90.0;300.0;;90.0;360.0;;90.0;360.0;;90.0;360.0;;90.0;360.0;;90.0;360.0;;90.0;360.0;;90.0;360.0;;90.0;360.0;;90.0;360.0;;90.0;360.0;;90.0;300.0;;90.0;300.0;;90.0;300.0;;90.0;300.0;;90.0;300.0;;90.0;300.0;;90.0;300.0;;90.0;300.0;;90.0;300.0;;90.0;300.0;;90.0;300.0;;90.0;300.0;;90.0;300.0;;90.0;300.0;;90.0;300.0;;90.0;300.0;;90.0;300.0;;90.0;300.0;;90.0;300.0;;90.0;300.0;;90.0;300.0;;90.0;300.0;;90.0;300.0;;90.0;300.0;;90.0;300.0;;90.0;300.0;;90.0;300.0;;90.0;300.0;;90.0;300.0;;90.0;300.0;;90.0;300.0;;90.0;300.0;;90.0;300.0;;90.0;300.0;;90.0;420.0;;90.0;420.0;;90.0;420.0;;90.0;420.0;;90.0;420.0;;90.0;420.0;;90.0;420.0;;90.0;420.0;;90.0;420.0;;90.0;420.0;;90.0;420.0;;90.0;420.0;;90.0;420.0;;90.0;420.0;;90.0;420.0;;90.0;420.0;;90.0;420.0;;90.0;420.0;;90.0;420.0;;90.0;420.0;;90.0;420.0;;90.0;360.0;;90.0;360.0;;90.0;360.0;;90.0;360.0;;90.0;360.0;;90.0;360.0;;90.0;360.0;;90.0;360.0;;90.0;360.0;;90.0;360.0;;90.0;360.0;;90.0;360.0;;90.0;360.0;;90.0;360.0;;90.0;360.0;;90.0;360.0;;90.0;360.0;;90.0;360.0;;90.0;360.0;;90.0;360.0;;90.0;360.0;;90.0;360.0;;90.0;360.0;;90.0;360.0;;90.0;360.0;;90.0;360.0;;90.0;360.0;;90.0;360.0;;90.0;360.0;;90.0;360.0;;120.0;0.0;;120.0;0.0;;120.0;0.0;;120.0;0.0;;120.0;0.0;;120.0;0.0;;120.0;0.0;;120.0;0.0;;120.0;0.0;;120.0;0.0;;120.0;0.0;;120.0;0.0;;120.0;0.0;;120.0;0.0;;120.0;0.0;;120.0;0.0;;120.0;0.0;;150.0;180.0;I;180.0;180.0;S;1;
Bot Medium;0.0;60.0;;0.0;90.0;;60.0;90.0;;60.0;90.0;;0.0;300.0;;0.0;360.0;;0.0;360.0;;0.0;360.0;;0.0;360.0;;0.0;360.0;;0.0;420.0;;60.0;180.0;;60.0;180.0;;60.0;60.0;;60.0;60.0;;60.0;60.0;;60.0;60.0;;60.0;60.0;;60.0;60.0;;60.0;60.0;;60.0;60.0;;60.0;60.0;;90.0;300.0;;90.0;300.0;;90.0;300.0;;90.0;300.0;;90.0;300.0;;90.0;300.0;;90.0;360.0;;90.0;360.0;;90.0;360.0;;90.0;360.0;;90.0;360.0;;90.0;360.0;;120.0;0.0;;90.0;210.0;;150.0;60.0;;150.0;0.0;;150.0;60.0;;150.0;60.0;;150.0;60.0;;150.0;60.0;;150.0;60.0;;150.0;120.0;;120.0;330.0;;180.0;120.0;;180.0;150.0;;180.0;60.0;;180.0;150.0;;180.0;120.0;;180.0;150.0;;180.0;120.0;;180.0;150.0;;180.0;120.0;;180.0;150.0;;180.0;120.0;;180.0;150.0;;180.0;150.0;;180.0;120.0;;180.0;150.0;;180.0;120.0;;180.0;150.0;;180.0;120.0;;180.0;150.0;;180.0;150.0;;180.0;120.0;;180.0;150.0;;210.0;0.0;;210.0;270.0;;210.0;270.0;;210.0;270.0;;210.0;270.0;;210.0;270.0;;210.0;330.0;;210.0;330.0;;210.0;390.0;;210.0;420.0;;210.0;330.0;;210.0;330.0;;240.0;0.0;;240.0;0.0;;240.0;0.0;;240.0;0.0;;240.0;0.0;;240.0;60.0;;210.0;90.0;;210.0;120.0;;210.0;120.0;;210.0;120.0;;210.0;120.0;;210.0;120.0;;210.0;150.0;;210.0;150.0;;210.0;150.0;;210.0;150.0;;210.0;150.0;;270.0;150.0;H;300.0;150.0;U;330.0;150.0;J;360.0;150.0;A;7;
Bot Easy;0.0;60.0;;0.0;60.0;;0.0;60.0;;0.0;60.0;;0.0;60.0;;0.0;60.0;;0.0;60.0;;0.0;60.0;;60.0;60.0;;60.0;60.0;;60.0;60.0;;60.0;60.0;;60.0;60.0;;0.0;60.0;;0.0;60.0;;0.0;60.0;;0.0;60.0;;0.0;60.0;;0.0;60.0;;0.0;60.0;;0.0;60.0;;0.0;60.0;;0.0;60.0;;0.0;60.0;;0.0;60.0;;0.0;60.0;;0.0;60.0;;0.0;60.0;;0.0;60.0;;0.0;60.0;;0.0;60.0;;0.0;60.0;;0.0;60.0;;0.0;60.0;;0.0;60.0;;0.0;60.0;;0.0;60.0;;0.0;60.0;;0.0;60.0;;0.0;90.0;;60.0;90.0;;60.0;90.0;;60.0;90.0;;60.0;90.0;;60.0;90.0;;60.0;90.0;;60.0;90.0;;60.0;90.0;;60.0;90.0;;60.0;90.0;;60.0;90.0;;60.0;90.0;;60.0;90.0;;0.0;90.0;;0.0;90.0;;0.0;90.0;;0.0;90.0;;0.0;300.0;;0.0;300.0;;0.0;300.0;;0.0;300.0;;0.0;300.0;;0.0;300.0;;0.0;300.0;;0.0;300.0;;0.0;300.0;;0.0;300.0;;0.0;300.0;;0.0;300.0;;0.0;300.0;;0.0;300.0;;0.0;300.0;;0.0;300.0;;0.0;300.0;;0.0;300.0;;0.0;300.0;;0.0;300.0;;0.0;300.0;;0.0;300.0;;0.0;300.0;;0.0;300.0;;0.0;300.0;;0.0;300.0;;0.0;300.0;;0.0;300.0;;0.0;300.0;;0.0;300.0;;0.0;300.0;;0.0;300.0;;0.0;300.0;;0.0;300.0;;0.0;300.0;;0.0;300.0;;0.0;300.0;;0.0;300.0;;0.0;300.0;;0.0;300.0;;0.0;300.0;;0.0;360.0;;0.0;360.0;;0.0;360.0;;0.0;360.0;;0.0;360.0;;0.0;360.0;;0.0;360.0;;0.0;360.0;;0.0;360.0;;0.0;360.0;;0.0;360.0;;0.0;360.0;;0.0;360.0;;0.0;360.0;;0.0;360.0;;0.0;360.0;;0.0;360.0;;0.0;360.0;;0.0;360.0;;0.0;420.0;;0.0;420.0;;0.0;420.0;;0.0;420.0;;0.0;420.0;;0.0;420.0;;0.0;420.0;;0.0;420.0;;0.0;420.0;;0.0;420.0;;0.0;420.0;;0.0;420.0;;0.0;420.0;;0.0;420.0;;0.0;420.0;;0.0;420.0;;0.0;420.0;;0.0;420.0;;0.0;420.0;;0.0;420.0;;0.0;420.0;;0.0;420.0;;0.0;420.0;;0.0;420.0;;0.0;420.0;;0.0;420.0;;0.0;420.0;;0.0;420.0;;0.0;420.0;;0.0;420.0;;0.0;420.0;;0.0;420.0;;0.0;420.0;;0.0;420.0;;60.0;180.0;;60.0;180.0;;60.0;180.0;;60.0;180.0;;60.0;180.0;;60.0;180.0;;60.0;180.0;;60.0;180.0;;60.0;180.0;;60.0;180.0;;60.0;180.0;;60.0;180.0;;60.0;180.0;;60.0;180.0;;60.0;180.0;;60.0;180.0;;60.0;180.0;;60.0;180.0;;60.0;180.0;;60.0;180.0;;60.0;180.0;;60.0;180.0;;60.0;180.0;;60.0;60.0;;60.0;60.0;;60.0;60.0;;60.0;60.0;;60.0;60.0;;60.0;60.0;;60.0;60.0;;60.0;60.0;;60.0;60.0;;60.0;60.0;;60.0;60.0;;60.0;60.0;;60.0;60.0;;60.0;60.0;;60.0;60.0;;60.0;60.0;;60.0;60.0;;60.0;60.0;;60.0;60.0;;60.0;60.0;;90.0;300.0;;90.0;300.0;;90.0;300.0;;90.0;300.0;;90.0;300.0;;90.0;300.0;;90.0;300.0;;90.0;300.0;;90.0;300.0;;90.0;300.0;;90.0;300.0;;90.0;300.0;;90.0;300.0;;90.0;300.0;;90.0;300.0;;90.0;300.0;;90.0;300.0;;90.0;300.0;;90.0;300.0;;90.0;300.0;;90.0;300.0;;90.0;300.0;;90.0;300.0;;90.0;300.0;;90.0;300.0;;90.0;300.0;;90.0;300.0;;90.0;300.0;;90.0;300.0;;90.0;300.0;;90.0;300.0;;90.0;300.0;;90.0;300.0;;90.0;360.0;;90.0;360.0;;90.0;360.0;;90.0;360.0;;90.0;300.0;;90.0;300.0;;90.0;300.0;;90.0;300.0;;90.0;300.0;;90.0;300.0;;90.0;300.0;;90.0;300.0;;90.0;300.0;;90.0;300.0;;90.0;360.0;;90.0;360.0;;90.0;360.0;;90.0;360.0;;90.0;360.0;;90.0;420.0;;90.0;420.0;;90.0;420.0;;90.0;420.0;;90.0;420.0;;90.0;420.0;;90.0;420.0;;90.0;420.0;;90.0;420.0;;90.0;420.0;;90.0;420.0;;90.0;360.0;;90.0;360.0;;90.0;360.0;;90.0;360.0;;90.0;360.0;;90.0;360.0;;90.0;360.0;;90.0;360.0;;90.0;360.0;;90.0;360.0;;90.0;360.0;;90.0;360.0;;90.0;360.0;;90.0;360.0;;90.0;360.0;;120.0;0.0;;120.0;0.0;;120.0;0.0;;120.0;0.0;;120.0;0.0;;120.0;0.0;;120.0;0.0;;120.0;0.0;;120.0;0.0;;120.0;0.0;;120.0;0.0;;120.0;0.0;;120.0;0.0;;120.0;0.0;;120.0;0.0;;120.0;0.0;;120.0;0.0;;120.0;0.0;;120.0;0.0;;120.0;0.0;;90.0;210.0;;90.0;210.0;;90.0;210.0;;90.0;210.0;;90.0;210.0;;90.0;210.0;;90.0;210.0;;90.0;210.0;;90.0;210.0;;90.0;210.0;;90.0;210.0;;90.0;210.0;;90.0;210.0;;150.0;0.0;;150.0;0.0;;150.0;0.0;;150.0;0.0;;150.0;0.0;;150.0;60.0;;150.0;60.0;;150.0;0.0;;150.0;0.0;;150.0;0.0;;150.0;0.0;;150.0;0.0;;150.0;0.0;;150.0;0.0;;150.0;0.0;;150.0;0.0;;150.0;0.0;;150.0;0.0;;150.0;60.0;;150.0;60.0;;150.0;60.0;;150.0;60.0;;150.0;60.0;;150.0;60.0;;150.0;60.0;;150.0;60.0;;150.0;60.0;;150.0;60.0;;150.0;60.0;;150.0;60.0;;150.0;60.0;;150.0;120.0;;150.0;120.0;;150.0;120.0;;150.0;120.0;;150.0;120.0;;150.0;60.0;;150.0;60.0;;150.0;60.0;;150.0;60.0;;150.0;60.0;;150.0;60.0;;120.0;330.0;;120.0;330.0;;120.0;330.0;;120.0;330.0;;120.0;330.0;;120.0;330.0;;120.0;330.0;;120.0;330.0;;120.0;330.0;;120.0;330.0;;120.0;330.0;;120.0;330.0;;120.0;330.0;;120.0;330.0;;120.0;330.0;;120.0;330.0;;120.0;330.0;;120.0;330.0;;120.0;330.0;;120.0;330.0;;180.0;0.0;;180.0;0.0;;180.0;0.0;;180.0;60.0;;180.0;120.0;P;180.0;150.0;E;0;
Bot Easy;0.0;60.0;;0.0;60.0;;0.0;60.0;;0.0;60.0;;0.0;60.0;;0.0;60.0;;0.0;60.0;;60.0;60.0;;60.0;60.0;;60.0;60.0;;60.0;60.0;;60.0;60.0;;60.0;60.0;;0.0;60.0;;0.0;60.0;;0.0;60.0;;0.0;60.0;;0.0;60.0;;0.0;60.0;;0.0;60.0;;0.0;60.0;;0.0;60.0;;0.0;60.0;;0.0;60.0;;0.0;60.0;;0.0;60.0;;0.0;90.0;;60.0;90.0;;60.0;90.0;;60.0;90.0;;60.0;90.0;;60.0;90.0;;60.0;90.0;;60.0;90.0;;60.0;90.0;;60.0;90.0;;0.0;90.0;;0.0;90.0;;0.0;300.0;;0.0;300.0;;0.0;300.0;;0.0;300.0;;0.0;300.0;;0.0;300.0;;0.0;300.0;;0.0;300.0;;0.0;300.0;;0.0;300.0;;0.0;300.0;;0.0;300.0;;0.0;300.0;;0.0;300.0;;0.0;300.0;;0.0;300.0;;0.0;300.0;;0.0;300.0;;0.0;300.0;;0.0;300.0;;0.0;300.0;;0.0;300.0;;0.0;300.0;;0.0;300.0;;0.0;300.0;;0.0;300.0;;0.0;360.0;;0.0;360.0;;0.0;360.0;;0.0;360.0;;0.0;360.0;;0.0;360.0;;0.0;360.0;;0.0;360.0;;0.0;360.0;;0.0;360.0;;0.0;360.0;;0.0;360.0;;0.0;360.0;;0.0;360.0;;0.0;360.0;;0.0;420.0;;0.0;420.0;;0.0;420.0;;0.0;420.0;;0.0;420.0;;0.0;420.0;;0.0;420.0;;0.0;420.0;;0.0;420.0;;0.0;420.0;;0.0;420.0;;0.0;420.0;;0.0;420.0;;0.0;420.0;;0.0;420.0;;0.0;420.0;;0.0;420.0;;0.0;420.0;;0.0;420.0;;0.0;420.0;;60.0;180.0;;60.0;180.0;;60.0;180.0;;60.0;180.0;;60.0;180.0;;60.0;180.0;;60.0;180.0;;60.0;180.0;;60.0;180.0;;60.0;180.0;;60.0;180.0;;60.0;180.0;;60.0;180.0;;60.0;180.0;;60.0;180.0;;60.0;180.0;;60.0;180.0;;60.0;180.0;;60.0;180.0;;60.0;180.0;;60.0;60.0;;60.0;60.0;;60.0;60.0;;60.0;60.0;;60.0;60.0;;60.0;60.0;;60.0;60.0;;60.0;60.0;;60.0;60.0;;60.0;60.0;;60.0;60.0;;60.0;60.0;;90.0;300.0;;90.0;300.0;;90.0;300.0;;90.0;300.0;;90.0;300.0;;90.0;300.0;;90.0;300.0;;90.0;300.0;;90.0;300.0;;90.0;300.0;;90.0;300.0;;90.0;300.0;;90.0;300.0;;90.0;300.0;;90.0;300.0;;90.0;300.0;;90.0;300.0;;90.0;300.0;;90.0;300.0;;90.0;300.0;;90.0;300.0;;90.0;300.0;;90.0;300.0;;90.0;300.0;;90.0;300.0;;90.0;300.0;;90.0;360.0;;90.0;360.0;;90.0;360.0;;90.0;300.0;;90.0;300.0;;90.0;300.0;;90.0;300.0;;90.0;300.0;;90.0;360.0;;90.0;360.0;;90.0;360.0;;90.0;360.0;;90.0;360.0;;90.0;420.0;;90.0;420.0;;90.0;420.0;;90.0;420.0;;90.0;420.0;;90.0;420.0;;90.0;420.0;;90.0;420.0;;90.0;420.0;;90.0;360.0;;90.0;360.0;;90.0;360.0;;90.0;360.0;;90.0;360.0;;90.0;360.0;;90.0;360.0;;90.0;360.0;;90.0;360.0;;120.0;0.0;;120.0;0.0;;120.0;0.0;;120.0;0.0;;120.0;0.0;;120.0;0.0;;120.0;0.0;;120.0;0.0;;120.0;0.0;;120.0;0.0;;120.0;0.0;;90.0;210.0;;90.0;210.0;;90.0;210.0;;90.0;210.0;;90.0;210.0;;90.0;210.0;;90.0;210.0;;90.0;210.0;;90.0;210.0;;90.0;210.0;;150.0;0.0;;150.0;0.0;;150.0;0.0;;150.0;0.0;;150.0;60.0;;150.0;60.0;;150.0;60.0;;150.0;60.0;;150.0;0.0;;150.0;0.0;;150.0;0.0;;150.0;0.0;;150.0;0.0;;150.0;0.0;;150.0;0.0;;150.0;60.0;;150.0;60.0;;150.0;60.0;;150.0;60.0;;150.0;60.0;;150.0;60.0;;150.0;60.0;;150.0;60.0;;150.0;60.0;;150.0;60.0;;150.0;60.0;;150.0;60.0;;150.0;60.0;;150.0;60.0;;150.0;60.0;;120.0;330.0;;120.0;330.0;;120.0;330.0;;120.0;330.0;;120.0;330.0;;120.0;330.0;;120.0;330.0;;120.0;330.0;;120.0;330.0;;120.0;330.0;;120.0;330.0;;180.0;0.0;;180.0;0.0;;180.0;60.0;;180.0;60.0;;210.0;120.0;;210.0;120.0;;210.0;120.0;;210.0;120.0;;210.0;120.0;;210.0;120.0;;210.0;120.0;;210.0;120.0;;210.0;120.0;;210.0;150.0;;210.0;150.0;;210.0;150.0;;210.0;150.0;;210.0;150.0;;210.0;150.0;;210.0;150.0;;210.0;150.0;;210.0;150.0;;210.0;150.0;;210.0;150.0;;210.0;150.0;;210.0;150.0;;210.0;150.0;;210.0;150.0;;210.0;150.0;;210.0;150.0;;210.0;150.0;;210.0;150.0;;210.0;150.0;;210.0;150.0;;210.0;150.0;;210.0;150.0;;180.0;390.0;V;180.0;390.0;V;180.0;420.0;E;180.0;390.0;V;180.0;420.0;E;180.0;390.0;V;180.0;420.0;E;180.0;390.0;V;180.0;420.0;E;180.0;390.0;V;180.0;390.0;V;180.0;420.0;E;180.0;390.0;V;180.0;420.0;E;180.0;390.0;V;180.0;420.0;E;180.0;390.0;V;180.0;420.0;E;0;
Bot Easy;0.0;60.0;;0.0;60.0;;0.0;60.0;;0.0;60.0;;0.0;60.0;;0.0;60.0;;0.0;60.0;;60.0;60.0;;60.0;60.0;;0.0;60.0;;0.0;60.0;;0.0;60.0;;0.0;60.0;;0.0;60.0;;0.0;60.0;;0.0;60.0;;0.0;60.0;;0.0;60.0;;0.0;60.0;;0.0;90.0;;60.0;90.0;;60.0;90.0;;60.0;90.0;;60.0;90.0;;60.0;90.0;;60.0;90.0;;0.0;90.0;;0.0;90.0;;0.0;90.0;;0.0;90.0;;0.0;300.0;;0.0;300.0;;0.0;300.0;;0.0;300.0;;0.0;300.0;;0.0;300.0;;0.0;300.0;;0.0;300.0;;0.0;300.0;;0.0;300.0;;0.0;300.0;;0.0;300.0;;0.0;300.0;;0.0;360.0;;0.0;360.0;;0.0;360.0;;0.0;360.0;;0.0;360.0;;0.0;420.0;;0.0;420.0;;0.0;420.0;;0.0;420.0;;0.0;420.0;;0.0;420.0;;0.0;420.0;;0.0;420.0;;0.0;420.0;;0.0;420.0;;0.0;420.0;;0.0;420.0;;0.0;420.0;;0.0;420.0;;0.0;420.0;;0.0;420.0;;0.0;420.0;;60.0;180.0;;60.0;180.0;;60.0;180.0;;60.0;180.0;;60.0;180.0;;60.0;180.0;;60.0;180.0;;60.0;60.0;;60.0;60.0;;60.0;60.0;;60.0;60.0;;60.0;60.0;;60.0;60.0;;60.0;60.0;;60.0;60.0;;60.0;60.0;;90.0;300.0;;90.0;300.0;;90.0;300.0;;90.0;300.0;;90.0;300.0;;90.0;300.0;;90.0;300.0;;90.0;300.0;;90.0;300.0;;90.0;300.0;;90.0;300.0;;90.0;300.0;;90.0;300.0;;90.0;300.0;;90.0;300.0;;90.0;300.0;;90.0;300.0;;90.0;300.0;;90.0;360.0;;90.0;360.0;;90.0;360.0;;90.0;300.0;;90.0;300.0;;90.0;300.0;;90.0;360.0;;90.0;360.0;;90.0;420.0;;90.0;420.0;;90.0;420.0;;90.0;420.0;;90.0;420.0;;90.0;420.0;;90.0;420.0;;90.0;360.0;;90.0;360.0;;90.0;360.0;;120.0;0.0;;120.0;0.0;;120.0;0.0;;90.0;210.0;;90.0;210.0;;90.0;210.0;;90.0;210.0;;90.0;210.0;;150.0;0.0;;150.0;60.0;;150.0;60.0;;150.0;60.0;;150.0;0.0;;150.0;0.0;;150.0;0.0;;150.0;60.0;;150.0;60.0;;150.0;60.0;;150.0;60.0;;150.0;60.0;;120.0;330.0;;120.0;330.0;;120.0;330.0;;180.0;60.0;;210.0;120.0;;210.0;120.0;;210.0;120.0;;210.0;120.0;;210.0;120.0;;210.0;120.0;;210.0;120.0;;210.0;150.0;;210.0;150.0;;210.0;150.0;;210.0;150.0;;210.0;150.0;;210.0;150.0;;210.0;150.0;;210.0;150.0;;210.0;150.0;;210.0;150.0;;210.0;150.0;;210.0;150.0;;210.0;150.0;;150.0;420.0;;150.0;420.0;;150.0;420.0;;120.0;420.0;;150.0;420.0;;120.0;420.0;;150.0;420.0;;120.0;420.0;;150.0;420.0;;150.0;420.0;;120.0;420.0;;210.0;420.0;R;240.0;420.0;R;0;
Bot Easy;0.0;60.0;;0.0;60.0;;0.0;60.0;;0.0;60.0;;0.0;60.0;;0.0;60.0;;0.0;60.0;;0.0;60.0;;0.0;60.0;;0.0;60.0;;0.0;60.0;;60.0;60.0;;60.0;60.0;;0.0;60.0;;0.0;60.0;;0.0;60.0;;0.0;60.0;;0.0;60.0;;0.0;60.0;;0.0;60.0;;0.0;60.0;;0.0;60.0;;0.0;60.0;;0.0;60.0;;0.0;60.0;;0.0;60.0;;0.0;60.0;;0.0;60.0;;0.0;60.0;;0.0;60.0;;0.0;60.0;;0.0;60.0;;0.0;60.0;;0.0;60.0;;0.0;60.0;;0.0;60.0;;0.0;60.0;;0.0;60.0;;0.0;60.0;;0.0;60.0;;0.0;60.0;;0.0;60.0;;0.0;60.0;;0.0;60.0;;0.0;60.0;;0.0;90.0;;0.0;90.0;;60.0;90.0;;60.0;90.0;;60.0;90.0;;60.0;90.0;;60.0;90.0;;60.0;90.0;;60.0;90.0;;60.0;90.0;;60.0;90.0;;60.0;90.0;;60.0;90.0;;0.0;90.0;;0.0;90.0;;0.0;90.0;;0.0;90.0;;0.0;90.0;;0.0;90.0;;0.0;90.0;;0.0;90.0;;0.0;90.0;;0.0;90.0;;0.0;90.0;;0.0;90.0;;0.0;90.0;;0.0;300.0;;0.0;300.0;;0.0;300.0;;0.0;300.0;;0.0;300.0;;0.0;300.0;;0.0;300.0;;0.0;300.0;;0.0;300.0;;0.0;300.0;;0.0;300.0;;0.0;300.0;;0.0;300.0;;0.0;300.0;;0.0;300.0;;0.0;300.0;;0.0;300.0;;0.0;300.0;;0.0;300.0;;0.0;300.0;;0.0;300.0;;0.0;300.0;;0.0;300.0;;0.0;300.0;;0.0;300.0;;0.0;300.0;;0.0;300.0;;0.0;300.0;;0.0;300.0;;0.0;300.0;;0.0;300.0;;0.0;300.0;;0.0;360.0;;0.0;360.0;;0.0;360.0;;0.0;360.0;;0.0;360.0;;0.0;360.0;;0.0;360.0;;0.0;360.0;;0.0;360.0;;0.0;360.0;;0.0;360.0;;0.0;360.0;;0.0;360.0;;0.0;360.0;;0.0;360.0;;0.0;360.0;;0.0;360.0;;0.0;360.0;;0.0;360.0;;0.0;360.0;;0.0;420.0;;0.0;420.0;;0.0;420.0;;0.0;420.0;;0.0;420.0;;0.0;420.0;;0.0;420.0;;0.0;420.0;;0.0;420.0;;0.0;420.0;;0.0;420.0;;0.0;420.0;;0.0;420.0;;0.0;420.0;;0.0;420.0;;0.0;420.0;;0.0;420.0;;0.0;420.0;;0.0;420.0;;0.0;420.0;;0.0;420.0;;0.0;420.0;;0.0;420.0;;0.0;420.0;;0.0;420.0;;0.0;420.0;;0.0;420.0;;0.0;420.0;;0.0;420.0;;0.0;420.0;;0.0;420.0;;0.0;420.0;;0.0;420.0;;0.0;420.0;;0.0;420.0;;0.0;420.0;;0.0;420.0;;0.0;420.0;;0.0;420.0;;0.0;420.0;;0.0;420.0;;0.0;420.0;;0.0;420.0;;60.0;180.0;;60.0;180.0;;60.0;180.0;;60.0;180.0;;60.0;180.0;;60.0;180.0;;60.0;180.0;;60.0;180.0;;60.0;180.0;;60.0;180.0;;60.0;180.0;;60.0;180.0;;60.0;180.0;;60.0;180.0;;60.0;180.0;;60.0;180.0;;60.0;60.0;;60.0;60.0;;60.0;60.0;;60.0;60.0;;60.0;60.0;;60.0;60.0;;60.0;60.0;;60.0;60.0;;60.0;60.0;;60.0;60.0;;60.0;60.0;;60.0;60.0;;60.0;60.0;;60.0;60.0;;60.0;60.0;;90.0;300.0;;90.0;300.0;;90.0;300.0;;90.0;300.0;;90.0;300.0;;90.0;300.0;;90.0;300.0;;90.0;300.0;;90.0;300.0;;90.0;300.0;;90.0;300.0;;90.0;300.0;;90.0;300.0;;90.0;300.0;;90.0;300.0;;90.0;300.0;;90.0;300.0;;90.0;300.0;;90.0;300.0;;90.0;300.0;;90.0;300.0;;90.0;300.0;;90.0;300.0;;90.0;300.0;;90.0;300.0;;90.0;300.0;;90.0;300.0;;90.0;300.0;;90.0;300.0;;90.0;300.0;;90.0;300.0;;90.0;300.0;;90.0;300.0;;90.0;300.0;;90.0;300.0;;90.0;300.0;;90.0;300.0;;90.0;300.0;;90.0;300.0;;90.0;300.0;;90.0;300.0;;90.0;300.0;;90.0;300.0;;90.0;300.0;;90.0;360.0;;90.0;360.0;;90.0;360.0;;90.0;360.0;;90.0;360.0;;90.0;360.0;;90.0;300.0;;90.0;300.0;;90.0;300.0;;90.0;300.0;;90.0;300.0;;90.0;300.0;;90.0;300.0;;90.0;300.0;;90.0;300.0;;90.0;300.0;;90.0;360.0;;90.0;360.0;;90.0;360.0;;90.0;360.0;;90.0;420.0;;90.0;420.0;;90.0;420.0;;90.0;420.0;;90.0;420.0;;90.0;420.0;;90.0;420.0;;90.0;420.0;;90.0;420.0;;90.0;360.0;;90.0;360.0;;90.0;360.0;;90.0;360.0;;90.0;360.0;;90.0;360.0;;90.0;360.0;;90.0;360.0;;120.0;0.0;;120.0;0.0;;120.0;0.0;;120.0;0.0;;120.0;0.0;;120.0;0.0;;120.0;0.0;;120.0;0.0;;120.0;0.0;;120.0;0.0;;120.0;0.0;;90.0;210.0;;90.0;210.0;;90.0;210.0;;90.0;210.0;;90.0;210.0;;90.0;210.0;;90.0;210.0;;90.0;210.0;;90.0;210.0;;90.0;210.0;;90.0;210.0;;150.0;0.0;;150.0;0.0;;150.0;60.0;;150.0;60.0;;150.0;0.0;;150.0;0.0;;150.0;0.0;;150.0;0.0;;150.0;0.0;;150.0;0.0;;150.0;0.0;;150.0;60.0;;150.0;60.0;;150.0;60.0;;150.0;60.0;;150.0;60.0;;150.0;60.0;;150.0;60.0;;150.0;60.0;;150.0;60.0;;150.0;60.0;;150.0;60.0;;150.0;60.0;;150.0;60.0;;150.0;60.0;;150.0;60.0;;150.0;60.0;;150.0;60.0;;150.0;60.0;;150.0;60.0;;150.0;60.0;;120.0;330.0;;120.0;330.0;;120.0;330.0;;120.0;330.0;;120.0;330.0;;120.0;330.0;;120.0;330.0;;120.0;330.0;;120.0;330.0;;120.0;330.0;;120.0;330.0;;180.0;0.0;;180.0;60.0;;180.0;60.0;;210.0;120.0;;210.0;120.0;;210.0;120.0;;210.0;120.0;;210.0;120.0;;210.0;120.0;;210.0;120.0;;210.0;120.0;;210.0;120.0;;210.0;120.0;;210.0;120.0;;210.0;120.0;;210.0;120.0;;210.0;120.0;;210.0;120.0;;210.0;120.0;;210.0;120.0;;210.0;120.0;;210.0;120.0;;210.0;150.0;;210.0;150.0;;210.0;150.0;;210.0;150.0;;210.0;150.0;;210.0;150.0;;210.0;150.0;;210.0;150.0;;210.0;150.0;;210.0;150.0;;210.0;150.0;;210.0;150.0;;210.0;150.0;;210.0;150.0;;210.0;150.0;;210.0;150.0;;210.0;150.0;;210.0;150.0;;210.0;150.0;;210.0;150.0;;210.0;150.0;;210.0;150.0;;210.0;150.0;;210.0;150.0;;210.0;150.0;;210.0;150.0;;210.0;150.0;;210.0;150.0;;210.0;150.0;;210.0;150.0;;210.0;150.0;;210.0;0.0;;210.0;0.0;;210.0;0.0;;210.0;0.0;;210.0;0.0;;210.0;0.0;;210.0;0.0;;210.0;0.0;;210.0;0.0;;210.0;0.0;;210.0;0.0;;210.0;270.0;;210.0;270.0;;210.0;270.0;;210.0;270.0;;210.0;330.0;;210.0;330.0;;210.0;330.0;;210.0;330.0;;210.0;330.0;;210.0;330.0;;210.0;270.0;;210.0;270.0;;210.0;270.0;;210.0;270.0;;210.0;270.0;;210.0;270.0;;210.0;270.0;;210.0;270.0;;210.0;270.0;;210.0;270.0;;210.0;330.0;;210.0;330.0;;210.0;330.0;;210.0;330.0;;210.0;330.0;;210.0;330.0;;210.0;330.0;;210.0;330.0;;210.0;330.0;;210.0;330.0;;210.0;330.0;;210.0;330.0;;210.0;330.0;;210.0;330.0;;210.0;330.0;;210.0;330.0;;240.0;0.0;;240.0;0.0;;240.0;0.0;;240.0;0.0;;240.0;0.0;;240.0;0.0;;240.0;0.0;;240.0;0.0;;240.0;0.0;;240.0;0.0;;240.0;0.0;;240.0;0.0;;240.0;0.0;;240.0;0.0;;240.0;60.0;;240.0;60.0;;240.0;60.0;;240.0;60.0;;240.0;0.0;;240.0;0.0;;240.0;0.0;;240.0;0.0;;240.0;0.0;;240.0;0.0;;210.0;90.0;;210.0;90.0;;210.0;90.0;;210.0;90.0;;210.0;90.0;;210.0;90.0;;210.0;90.0;;210.0;90.0;;210.0;90.0;;210.0;90.0;;210.0;90.0;;210.0;120.0;;210.0;120.0;;210.0;120.0;;210.0;120.0;;210.0;120.0;;210.0;120.0;;210.0;120.0;;210.0;120.0;;210.0;120.0;;210.0;120.0;;210.0;120.0;;210.0;120.0;;210.0;120.0;;210.0;120.0;;240.0;330.0;;240.0;330.0;;240.0;330.0;;240.0;330.0;;240.0;330.0;;240.0;330.0;;240.0;330.0;;240.0;330.0;;240.0;330.0;;240.0;330.0;;240.0;330.0;;270.0;390.0;;270.0;390.0;;270.0;390.0;;270.0;390.0;;270.0;390.0;;270.0;390.0;;270.0;390.0;;270.0;390.0;;270.0;390.0;;270.0;390.0;;270.0;390.0;;270.0;330.0;U;270.0;300.0;R;0;
Bot Medium;0.0;60.0;;0.0;60.0;;0.0;90.0;;60.0;90.0;;0.0;360.0;;0.0;420.0;;0.0;420.0;;60.0;180.0;;60.0;180.0;;60.0;180.0;;60.0;180.0;;60.0;180.0;;60.0;180.0;;60.0;180.0;;60.0;60.0;;60.0;60.0;;60.0;60.0;;60.0;60.0;;60.0;60.0;;60.0;60.0;;60.0;60.0;;60.0;60.0;;60.0;60.0;;60.0;60.0;;90.0;300.0;;90.0;300.0;;90.0;300.0;;90.0;300.0;;90.0;300.0;;90.0;300.0;;90.0;300.0;;90.0;300.0;;90.0;300.0;;90.0;300.0;;90.0;360.0;;90.0;300.0;;90.0;300.0;;90.0;420.0;;90.0;420.0;;90.0;360.0;;90.0;360.0;;90.0;360.0;;90.0;360.0;;90.0;360.0;;120.0;0.0;;90.0;210.0;;90.0;210.0;;150.0;0.0;;150.0;0.0;;150.0;0.0;;150.0;60.0;;150.0;60.0;;150.0;0.0;;150.0;60.0;;120.0;330.0;;180.0;60.0;;210.0;120.0;;210.0;0.0;;210.0;270.0;;210.0;270.0;;210.0;270.0;;210.0;270.0;;210.0;270.0;;210.0;270.0;;210.0;270.0;;210.0;270.0;;210.0;270.0;;210.0;330.0;;210.0;270.0;;210.0;270.0;;210.0;330.0;;210.0;330.0;;240.0;0.0;;240.0;60.0;;210.0;90.0;;210.0;120.0;;210.0;120.0;;210.0;120.0;;210.0;120.0;;210.0;120.0;;210.0;120.0;;210.0;120.0;;210.0;120.0;;210.0;120.0;;210.0;120.0;;210.0;120.0;;240.0;390.0;;240.0;300.0;;240.0;300.0;;240.0;300.0;;240.0;300.0;;240.0;300.0;;240.0;300.0;;240.0;300.0;;240.0;300.0;;240.0;300.0;;240.0;300.0;;300.0;300.0;E;330.0;300.0;G;360.0;300.0;G;390.0;300.0;O;0;
Bot Easy;0.0;60.0;;0.0;60.0;;0.0;60.0;;0.0;60.0;;0.0;60.0;;0.0;60.0;;0.0;60.0;;0.0;60.0;;0.0;60.0;;0.0;60.0;;0.0;60.0;;0.0;60.0;;0.0;60.0;;0.0;60.0;;0.0;60.0;;0.0;60.0;;0.0;60.0;;0.0;60.0;;0.0;60.0;;0.0;60.0;;60.0;60.0;;60.0;60.0;;60.0;60.0;;60.0;60.0;;60.0;60.0;;60.0;60.0;;60.0;60.0;;60.0;60.0;;60.0;60.0;;60.0;60.0;;60.0;60.0;;60.0;60.0;;0.0;60.0;;0.0;60.0;;0.0;60.0;;0.0;60.0;;0.0;60.0;;0.0;60.0;;0.0;60.0;;0.0;60.0;;0.0;60.0;;0.0;60.0;;0.0;60.0;;0.0;60.0;;0.0;60.0;;0.0;60.0;;0.0;60.0;;0.0;60.0;;0.0;60.0;;0.0;60.0;;0.0;60.0;;0.0;60.0;;0.0;60.0;;0.0;60.0;;0.0;60.0;;0.0;60.0;;0.0;60.0;;0.0;60.0;;0.0;60.0;;0.0;60.0;;0.0;60.0;;0.0;60.0;;0.0;60.0;;0.0;60.0;;0.0;60.0;;0.0;60.0;;0.0;60.0;;0.0;60.0;;0.0;60.0;;0.0;60.0;;0.0;60.0;;0.0;60.0;;0.0;90.0;;0.0;90.0;;0.0;90.0;;60.0;90.0;;60.0;90.0;;60.0;90.0;;60.0;90.0;;60.0;90.0;;60.0;90.0;;60.0;90.0;;60.0;90.0;;60.0;90.0;;60.0;90.0;;60.0;90.0;;60.0;90.0;;60.0;90.0;;60.0;90.0;;60.0;90.0;;60.0;90.0;;60.0;90.0;;60.0;90.0;;60.0;90.0;;60.0;90.0;;60.0;90.0;;60.0;90.0;;60.0;90.0;;60.0;90.0;;60.0;90.0;;60.0;90.0;;60.0;90.0;;60.0;90.0;;60.0;90.0;;60.0;90.0;;60.0;90.0;;60.0;90.0;;0.0;90.0;;0.0;90.0;;0.0;90.0;;0.0;90.0;;0.0;90.0;;0.0;90.0;;0.0;90.0;;0.0;90.0;;0.0;90.0;;0.0;90.0;;0.0;90.0;;0.0;90.0;;0.0;90.0;;0.0;90.0;;0.0;90.0;;0.0;90.0;;0.0;90.0;;0.0;90.0;;0.0;90.0;;0.0;90.0;;0.0;90.0;;0.0;90.0;;0.0;90.0;;0.0;90.0;;0.0;90.0;;0.0;90.0;;0.0;300.0;;0.0;300.0;;0.0;300.0;;0.0;300.0;;0.0;300.0;;0.0;300.0;;0.0;300.0;;0.0;300.0;;0.0;300.0;;0.0;300.0;;0.0;300.0;;0.0;300.0;;0.0;300.0;;0.0;300.0;;0.0;300.0;;0.0;300.0;;0.0;300.0;;0.0;300.0;;0.0;300.0;;0.0;300.0;;0.0;300.0;;0.0;300.0;;0.0;300.0;;0.0;300.0;;0.0;300.0;;0.0;300.0;;0.0;300.0;;0.0;300.0;;0.0;300.0;;0.0;300.0;;0.0;300.0;;0.0;300.0;;0.0;300.0;;0.0;300.0;;0.0;300.0;;0.0;300.0;;0.0;300.0;;0.0;300.0;;0.0;300.0;;0.0;300.0;;0.0;300.0;;0.0;300.0;;0.0;300.0;;0.0;300.0;;0.0;300.0;;0.0;300.0;;0.0;300.0;;0.0;300.0;;0.0;300.0;;0.0;300.0;;0.0;300.0;;0.0;300.0;;0.0;300.0;;0.0;300.0;;0.0;300.0;;0.0;300.0;;0.0;300.0;;0.0;300.0;;0.0;300.0;;0.0;300.0;;0.0;300.0;;0.0;300.0;;0.0;300.0;;0.0;300.0;;0.0;300.0;;0.0;300.0;;0.0;300.0;;0.0;300.0;;0.0;300.0;;0.0;300.0;;0.0;300.0;;0.0;300.0;;0.0;300.0;;0.0;300.0;;0.0;300.0;;0.0;300.0;;0.0;300.0;;0.0;300.0;;0.0;300.0;;0.0;300.0;;0.0;300.0;;0.0;300.0;;0.0;360.0;;0.0;360.0;;0.0;360.0;;0.0;360.0;;0.0;360.0;;0.0;360.0;;0.0;360.0;;0.0;360.0;;0.0;360.0;;0.0;360.0;;0.0;360.0;;0.0;360.0;;0.0;360.0;;0.0;360.0;;0.0;360.0;;0.0;360.0;;0.0;360.0;;0.0;360.0;;0.0;360.0;;0.0;360.0;;0.0;360.0;;0.0;360.0;;0.0;360.0;;0.0;360.0;;0.0;360.0;;0.0;360.0;;0.0;360.0;;0.0;360.0;;0.0;360.0;;0.0;360.0;;0.0;360.0;;0.0;360.0;;0.0;360.0;;0.0;360.0;;0.0;360.0;;0.0;360.0;;0.0;360.0;;0.0;360.0;;0.0;360.0;;0.0;360.0;;0.0;360.0;;0.0;360.0;;0.0;360.0;;0.0;360.0;;0.0;360.0;;0.0;360.0;;0.0;360.0;;0.0;420.0;;0.0;420.0;;0.0;420.0;;0.0;420.0;;0.0;420.0;;0.0;420.0;;0.0;420.0;;0.0;420.0;;0.0;420.0;;0.0;420.0;;0.0;420.0;;0.0;420.0;;0.0;420.0;;0.0;420.0;;0.0;420.0;;0.0;420.0;;0.0;420.0;;0.0;420.0;;0.0;420.0;;0.0;420.0;;0.0;420.0;;0.0;420.0;;0.0;420.0;;0.0;420.0;;0.0;420.0;;0.0;420.0;;0.0;420.0;;0.0;420.0;;0.0;420.0;;0.0;420.0;;0.0;420.0;;0.0;420.0;;0.0;420.0;;0.0;420.0;;0.0;420.0;;0.0;420.0;;0.0;420.0;;0.0;420.0;;0.0;420.0;;0.0;420.0;;0.0;420.0;;0.0;420.0;;0.0;420.0;;0.0;420.0;;0.0;420.0;;0.0;420.0;;0.0;420.0;;0.0;420.0;;0.0;420.0;;0.0;420.0;;0.0;420.0;;0.0;420.0;;0.0;420.0;;0.0;420.0;;0.0;420.0;;0.0;420.0;;0.0;420.0;;0.0;420.0;;0.0;420.0;;0.0;420.0;;60.0;180.0;;60.0;180.0;;60.0;180.0;;60.0;180.0;;60.0;180.0;;60.0;180.0;;60.0;180.0;;60.0;180.0;;60.0;180.0;;60.0;180.0;;60.0;180.0;;60.0;180.0;;60.0;180.0;;60.0;180.0;;60.0;180.0;;60.0;180.0;;60.0;180.0;;60.0;180.0;;60.0;180.0;;60.0;180.0;;60.0;180.0;;60.0;180.0;;60.0;180.0;;60.0;180.0;;60.0;180.0;;60.0;180.0;;60.0;180.0;;60.0;180.0;;60.0;180.0;;60.0;180.0;;60.0;180.0;;60.0;180.0;;60.0;180.0;;60.0;180.0;;60.0;180.0;;60.0;180.0;;60.0;180.0;;60.0;180.0;;60.0;180.0;;60.0;180.0;;60.0;180.0;;60.0;180.0;;60.0;180.0;;60.0;180.0;;60.0;180.0;;60.0;180.0;;60.0;180.0;;60.0;180.0;;60.0;180.0;;60.0;180.0;;60.0;180.0;;60.0;180.0;;60.0;180.0;;60.0;180.0;;60.0;180.0;;60.0;60.0;;60.0;60.0;;60.0;60.0;;60.0;60.0;;60.0;60.0;;60.0;60.0;;60.0;60.0;;60.0;60.0;;60.0;60.0;;60.0;60.0;;60.0;60.0;;60.0;60.0;;60.0;60.0;;60.0;60.0;;60.0;60.0;;60.0;60.0;;60.0;60.0;;60.0;60.0;;60.0;60.0;;60.0;60.0;;60.0;60.0;;60.0;60.0;;60.0;60.0;;60.0;60.0;;60.0;60.0;;60.0;60.0;;60.0;60.0;;60.0;60.0;;60.0;60.0;;60.0;60.0;;60.0;60.0;;60.0;60.0;;60.0;60.0;;60.0;60.0;;60.0;60.0;;60.0;60.0;;60.0;60.0;;90.0;300.0;;90.0;300.0;;90.0;300.0;;90.0;300.0;;90.0;300.0;;90.0;300.0;;90.0;300.0;;90.0;300.0;;90.0;300.0;;90.0;300.0;;90.0;300.0;;90.0;300.0;;90.0;300.0;;90.0;300.0;;90.0;300.0;;90.0;300.0;;90.0;300.0;;90.0;300.0;;90.0;300.0;;90.0;300.0;;90.0;300.0;;90.0;300.0;;90.0;300.0;;90.0;300.0;;90.0;300.0;;90.0;300.0;;90.0;300.0;;90.0;300.0;;90.0;300.0;;90.0;300.0;;90.0;300.0;;90.0;300.0;;90.0;300.0;;90.0;300.0;;90.0;300.0;;90.0;300.0;;90.0;300.0;;90.0;300.0;;90.0;300.0;;90.0;300.0;;90.0;300.0;;90.0;300.0;;90.0;300.0;;90.0;300.0;;90.0;300.0;;90.0;300.0;;90.0;300.0;;90.0;300.0;;90.0;300.0;;90.0;300.0;;90.0;300.0;;90.0;300.0;;90.0;300.0;;90.0;300.0;;90.0;300.0;;90.0;300.0;;90.0;300.0;;90.0;300.0;;90.0;300.0;;90.0;300.0;;90.0;300.0;;90.0;300.0;;90.0;300.0;;90.0;300.0;;90.0;300.0;;90.0;300.0;;90.0;300.0;;90.0;300.0;;90.0;300.0;;90.0;300.0;;90.0;300.0;;90.0;300.0;;90.0;300.0;;90.0;300.0;;90.0;300.0;;90.0;300.0;;90.0;300.0;;90.0;300.0;;90.0;300.0;;90.0;300.0;;90.0;300.0;;90.0;300.0;;90.0;300.0;;90.0;300.0;;90.0;300.0;;90.0;300.0;;90.0;300.0;;90.0;300.0;;90.0;300.0;;90.0;300.0;;90.0;300.0;;90.0;360.0;;90.0;360.0;;90.0;360.0;;90.0;360.0;;90.0;360.0;;90.0;360.0;;90.0;360.0;;90.0;360.0;;90.0;360.0;;90.0;360.0;;90.0;360.0;;90.0;360.0;;90.0;300.0;;90.0;300.0;;90.0;300.0;;90.0;300.0;;90.0;300.0;;90.0;300.0;;90.0;300.0;;90.0;300.0;;90.0;300.0;;90.0;300.0;;90.0;300.0;;90.0;300.0;;90.0;300.0;;90.0;300.0;;90.0;300.0;;90.0;300.0;;90.0;300.0;;90.0;300.0;;90.0;300.0;;90.0;300.0;;90.0;300.0;;90.0;300.0;;90.0;300.0;;90.0;300.0;;90.0;300.0;;90.0;360.0;;90.0;360.0;;90.0;360.0;;90.0;360.0;;90.0;360.0;;90.0;360.0;;90.0;360.0;;90.0;360.0;;90.0;360.0;;90.0;360.0;;90.0;360.0;;90.0;360.0;;90.0;420.0;;90.0;420.0;;90.0;420.0;;90.0;420.0;;90.0;420.0;;90.0;420.0;;90.0;420.0;;90.0;420.0;;90.0;420.0;;90.0;420.0;;90.0;420.0;;90.0;420.0;;90.0;420.0;;90.0;420.0;;90.0;420.0;;90.0;420.0;;90.0;420.0;;90.0;420.0;;90.0;420.0;;90.0;420.0;;90.0;420.0;;90.0;420.0;;90.0;420.0;;90.0;420.0;;90.0;420.0;;90.0;420.0;;90.0;420.0;;90.0;420.0;;90.0;420.0;;90.0;420.0;;90.0;360.0;;90.0;360.0;;90.0;360.0;;90.0;360.0;;90.0;360.0;;90.0;360.0;;90.0;360.0;;90.0;360.0;;90.0;360.0;;90.0;360.0;;90.0;360.0;;90.0;360.0;;90.0;360.0;;90.0;360.0;;90.0;360.0;;90.0;360.0;;90.0;360.0;;90.0;360.0;;90.0;360.0;;90.0;360.0;;90.0;360.0;;90.0;360.0;;90.0;360.0;;90.0;360.0;;120.0;0.0;;120.0;0.0;;120.0;0.0;;120.0;0.0;;120.0;0.0;;120.0;0.0;;120.0;0.0;;120.0;0.0;;120.0;0.0;;120.0;0.0;;120.0;0.0;;120.0;0.0;;120.0;0.0;;120.0;0.0;;120.0;0.0;;120.0;0.0;;120.0;0.0;;120.0;0.0;;120.0;0.0;;120.0;0.0;;120.0;0.0;;120.0;0.0;;120.0;0.0;;120.0;0.0;;120.0;0.0;;120.0;0.0;;120.0;0.0;;120.0;0.0;;120.0;0.0;;90.0;210.0;;90.0;210.0;;90.0;210.0;;90.0;210.0;;90.0;210.0;;90.0;210.0;;90.0;210.0;;90.0;210.0;;90.0;210.0;;90.0;210.0;;90.0;210.0;;90.0;210.0;;90.0;210.0;;90.0;210.0;;90.0;210.0;;90.0;210.0;;90.0;210.0;;90.0;210.0;;90.0;210.0;;90.0;210.0;;90.0;210.0;;90.0;210.0;;90.0;210.0;;150.0;0.0;;150.0;0.0;;150.0;0.0;;150.0;0.0;;150.0;0.0;;150.0;0.0;;150.0;0.0;;150.0;0.0;;150.0;0.0;;150.0;0.0;;150.0;60.0;;150.0;60.0;;150.0;60.0;;150.0;60.0;;150.0;60.0;;150.0;60.0;;150.0;60.0;;150.0;60.0;;150.0;60.0;;150.0;60.0;;150.0;60.0;;150.0;0.0;;150.0;0.0;;150.0;0.0;;150.0;0.0;;150.0;0.0;;150.0;0.0;;150.0;0.0;;150.0;0.0;;150.0;0.0;;150.0;0.0;;150.0;0.0;;150.0;0.0;;150.0;0.0;;150.0;0.0;;150.0;60.0;;150.0;60.0;;150.0;60.0;;150.0;60.0;;150.0;60.0;;150.0;60.0;;150.0;60.0;;150.0;60.0;;150.0;60.0;;150.0;60.0;;150.0;60.0;;150.0;60.0;;150.0;60.0;;150.0;60.0;;150.0;60.0;;150.0;60.0;;150.0;60.0;;150.0;60.0;;150.0;60.0;;150.0;60.0;;150.0;60.0;;150.0;60.0;;150.0;60.0;;150.0;60.0;;150.0;60.0;;150.0;60.0;;150.0;60.0;;150.0;60.0;;150.0;60.0;;150.0;60.0;;150.0;60.0;;150.0;60.0;;150.0;60.0;;150.0;60.0;;150.0;60.0;;150.0;60.0;;150.0;60.0;;150.0;60.0;;150.0;60.0;;150.0;60.0;;150.0;60.0;;150.0;60.0;;150.0;60.0;;150.0;60.0;;150.0;60.0;;150.0;60.0;;150.0;60.0;;120.0;330.0;;120.0;330.0;;120.0;330.0;;120.0;330.0;;120.0;330.0;;120.0;330.0;;120.0;330.0;;120.0;330.0;;120.0;330.0;;120.0;330.0;;120.0;330.0;;120.0;330.0;;120.0;330.0;;120.0;330.0;;120.0;330.0;;120.0;330.0;;120.0;330.0;;120.0;330.0;;120.0;330.0;;120.0;330.0;;120.0;330.0;;120.0;330.0;;120.0;330.0;;120.0;330.0;;120.0;330.0;;120.0;330.0;;120.0;330.0;;120.0;330.0;;120.0;330.0;;180.0;0.0;;180.0;0.0;;180.0;0.0;;180.0;0.0;;180.0;0.0;;180.0;0.0;;180.0;0.0;;180.0;60.0;;180.0;60.0;;180.0;60.0;;180.0;60.0;;180.0;60.0;;180.0;60.0;;180.0;60.0;;180.0;60.0;;180.0;60.0;;180.0;0.0;;180.0;0.0;;210.0;120.0;;210.0;120.0;;210.0;120.0;;210.0;120.0;;210.0;120.0;;210.0;120.0;;210.0;120.0;;210.0;120.0;;210.0;120.0;;210.0;120.0;;210.0;120.0;;210.0;120.0;;210.0;120.0;;210.0;120.0;;210.0;120.0;;210.0;120.0;;210.0;120.0;;210.0;120.0;;210.0;120.0;;210.0;120.0;;210.0;120.0;;210.0;120.0;;210.0;120.0;;210.0;120.0;;210.0;120.0;;210.0;120.0;;210.0;120.0;;210.0;120.0;;210.0;120.0;;210.0;120.0;;210.0;120.0;;210.0;120.0;;210.0;120.0;;210.0;120.0;;210.0;120.0;;210.0;120.0;;210.0;120.0;;210.0;120.0;;210.0;120.0;;210.0;120.0;;210.0;120.0;;210.0;120.0;;210.0;120.0;;210.0;120.0;;210.0;120.0;;210.0;120.0;;210.0;120.0;;210.0;120.0;;210.0;120.0;;210.0;120.0;;210.0;120.0;;210.0;120.0;;210.0;120.0;;210.0;150.0;;210.0;150.0;;210.0;150.0;;210.0;150.0;;210.0;150.0;;210.0;150.0;;210.0;150.0;;210.0;150.0;;210.0;150.0;;210.0;150.0;;210.0;150.0;;210.0;150.0;;210.0;150.0;;210.0;150.0;;210.0;150.0;;210.0;150.0;;210.0;150.0;;210.0;150.0;;210.0;150.0;;210.0;150.0;;210.0;150.0;;210.0;150.0;;210.0;150.0;;210.0;150.0;;210.0;150.0;;210.0;150.0;;210.0;150.0;;210.0;150.0;;210.0;150.0;;210.0;150.0;;210.0;150.0;;210.0;150.0;;210.0;150.0;;210.0;150.0;;210.0;150.0;;210.0;150.0;;210.0;150.0;;210.0;150.0;;210.0;150.0;;210.0;150.0;;210.0;150.0;;210.0;150.0;;210.0;150.0;;210.0;150.0;;210.0;150.0;;210.0;150.0;;210.0;150.0;;210.0;150.0;;210.0;150.0;;210.0;150.0;;210.0;150.0;;210.0;150.0;;210.0;150.0;;210.0;150.0;;210.0;150.0;;210.0;150.0;;210.0;150.0;;210.0;150.0;;210.0;150.0;;210.0;0.0;;210.0;0.0;;210.0;0.0;;210.0;0.0;;210.0;0.0;;210.0;0.0;;210.0;0.0;;210.0;0.0;;210.0;0.0;;210.0;0.0;;210.0;0.0;;210.0;0.0;;210.0;60.0;;210.0;60.0;;210.0;60.0;;210.0;60.0;;210.0;0.0;;210.0;0.0;;210.0;0.0;;210.0;0.0;;210.0;0.0;;210.0;0.0;;210.0;0.0;;210.0;0.0;;210.0;0.0;;210.0;0.0;;210.0;0.0;;210.0;0.0;;210.0;0.0;;210.0;0.0;;210.0;0.0;;210.0;0.0;;210.0;0.0;;210.0;270.0;;210.0;270.0;;210.0;270.0;;210.0;270.0;;210.0;270.0;;210.0;270.0;;210.0;270.0;;210.0;270.0;;210.0;270.0;;210.0;270.0;;210.0;270.0;;210.0;330.0;;210.0;330.0;;210.0;330.0;;210.0;330.0;;210.0;330.0;;210.0;330.0;;210.0;330.0;;210.0;330.0;;210.0;330.0;;210.0;330.0;;210.0;330.0;;210.0;330.0;;210.0;270.0;;210.0;270.0;;210.0;270.0;;210.0;270.0;;210.0;270.0;;210.0;270.0;;210.0;270.0;;210.0;270.0;;210.0;270.0;;210.0;270.0;;210.0;270.0;;210.0;270.0;;210.0;270.0;;210.0;270.0;;210.0;270.0;;210.0;270.0;;210.0;270.0;;210.0;270.0;;210.0;270.0;;210.0;270.0;;210.0;270.0;;210.0;270.0;;210.0;270.0;;210.0;270.0;;210.0;270.0;;210.0;330.0;;210.0;330.0;;210.0;330.0;;210.0;330.0;;210.0;330.0;;210.0;330.0;;210.0;330.0;;210.0;330.0;;210.0;330.0;;210.0;330.0;;210.0;330.0;;210.0;330.0;;210.0;330.0;;210.0;330.0;;210.0;330.0;;210.0;330.0;;210.0;330.0;;210.0;330.0;;210.0;330.0;;210.0;330.0;;210.0;330.0;;210.0;330.0;;210.0;330.0;;210.0;330.0;;210.0;330.0;;210.0;330.0;;210.0;330.0;;210.0;330.0;;210.0;330.0;;210.0;330.0;;210.0;330.0;;210.0;330.0;;210.0;330.0;;210.0;330.0;;210.0;330.0;;210.0;330.0;;210.0;330.0;;210.0;330.0;;210.0;330.0;;210.0;330.0;;210.0;330.0;;240.0;0.0;;240.0;0.0;;240.0;0.0;;240.0;0.0;;240.0;0.0;;240.0;0.0;;240.0;0.0;;240.0;0.0;;240.0;0.0;;240.0;0.0;;240.0;0.0;;240.0;0.0;;240.0;0.0;;240.0;0.0;;240.0;0.0;;240.0;0.0;;240.0;0.0;;240.0;0.0;;240.0;0.0;;240.0;0.0;;240.0;0.0;;240.0;0.0;;240.0;0.0;;240.0;0.0;;240.0;0.0;;240.0;0.0;;240.0;0.0;;240.0;0.0;;240.0;0.0;;240.0;0.0;;240.0;0.0;;240.0;0.0;;240.0;0.0;;240.0;0.0;;240.0;0.0;;240.0;0.0;;240.0;0.0;;240.0;0.0;;240.0;60.0;;240.0;60.0;;240.0;60.0;;240.0;60.0;;240.0;60.0;;240.0;60.0;;240.0;60.0;;240.0;60.0;;240.0;60.0;;240.0;60.0;;240.0;60.0;;240.0;60.0;;240.0;60.0;;240.0;60.0;;240.0;60.0;;240.0;60.0;;240.0;60.0;;240.0;60.0;;240.0;60.0;;240.0;60.0;;240.0;60.0;;240.0;60.0;;240.0;60.0;;240.0;0.0;;240.0;0.0;;240.0;0.0;;240.0;0.0;;240.0;0.0;;240.0;0.0;;240.0;0.0;;240.0;0.0;;240.0;0.0;;210.0;90.0;;210.0;90.0;;210.0;90.0;;210.0;90.0;;210.0;90.0;;210.0;90.0;;210.0;90.0;;210.0;90.0;;210.0;90.0;;210.0;90.0;;210.0;90.0;;210.0;90.0;;270.0;90.0;B;300.0;90.0;E;330.0;90.0;X;0;
Bot Easy;0.0;60.0;;0.0;60.0;;0.0;60.0;;0.0;60.0;;0.0;60.0;;0.0;60.0;;0.0;60.0;;0.0;60.0;;0.0;60.0;;0.0;60.0;;0.0;60.0;;0.0;60.0;;0.0;60.0;;0.0;60.0;;60.0;60.0;;60.0;60.0;;60.0;60.0;;60.0;60.0;;60.0;60.0;;60.0;60.0;;60.0;60.0;;60.0;60.0;;60.0;60.0;;60.0;60.0;;60.0;60.0;;60.0;60.0;;60.0;60.0;;60.0;60.0;;0.0;60.0;;0.0;60.0;;0.0;60.0;;0.0;60.0;;0.0;60.0;;0.0;60.0;;0.0;60.0;;0.0;60.0;;0.0;60.0;;0.0;60.0;;0.0;60.0;;0.0;60.0;;0.0;60.0;;0.0;60.0;;0.0;60.0;;0.0;60.0;;0.0;60.0;;0.0;60.0;;0.0;60.0;;0.0;60.0;;0.0;60.0;;0.0;60.0;;0.0;60.0;;0.0;60.0;;0.0;60.0;;0.0;60.0;;0.0;60.0;;0.0;60.0;;0.0;60.0;;0.0;60.0;;0.0;60.0;;0.0;60.0;;0.0;60.0;;0.0;60.0;;0.0;60.0;;0.0;60.0;;0.0;60.0;;0.0;60.0;;0.0;60.0;;0.0;60.0;;0.0;60.0;;0.0;60.0;;0.0;60.0;;0.0;60.0;;0.0;60.0;;0.0;60.0;;0.0;60.0;;0.0;60.0;;0.0;60.0;;0.0;60.0;;0.0;60.0;;0.0;60.0;;0.0;60.0;;0.0;60.0;;0.0;60.0;;0.0;60.0;;0.0;60.0;;0.0;60.0;;0.0;60.0;;0.0;60.0;;0.0;60.0;;0.0;60.0;;0.0;60.0;;0.0;60.0;;0.0;60.0;;0.0;60.0;;0.0;60.0;;0.0;60.0;;0.0;60.0;;0.0;60.0;;0.0;60.0;;0.0;60.0;;0.0;60.0;;0.0;60.0;;0.0;60.0;;0.0;90.0;;60.0;90.0;;60.0;90.0;;60.0;90.0;;60.0;90.0;;60.0;90.0;;60.0;90.0;;60.0;90.0;;60.0;90.0;;60.0;90.0;;60.0;90.0;;60.0;90.0;;60.0;90.0;;60.0;90.0;;60.0;90.0;;60.0;90.0;;60.0;90.0;;60.0;90.0;;60.0;90.0;;60.0;90.0;;60.0;90.0;;60.0;90.0;;60.0;90.0;;60.0;90.0;;60.0;90.0;;60.0;90.0;;60.0;90.0;;0.0;90.0;;0.0;90.0;;0.0;90.0;;0.0;90.0;;0.0;90.0;;0.0;90.0;;0.0;90.0;;0.0;90.0;;0.0;90.0;;0.0;90.0;;0.0;90.0;;0.0;90.0;;0.0;90.0;;0.0;90.0;;0.0;90.0;;0.0;90.0;;0.0;90.0;;0.0;90.0;;0.0;90.0;;0.0;90.0;;0.0;90.0;;0.0;90.0;;0.0;90.0;;0.0;90.0;;0.0;90.0;;0.0;90.0;;0.0;90.0;;0.0;90.0;;0.0;90.0;;0.0;90.0;;0.0;90.0;;0.0;90.0;;0.0;90.0;;0.0;90.0;;0.0;90.0;;0.0;90.0;;0.0;90.0;;0.0;90.0;;0.0;90.0;;0.0;90.0;;0.0;300.0;;0.0;300.0;;0.0;300.0;;0.0;300.0;;0.0;300.0;;0.0;300.0;;0.0;300.0;;0.0;300.0;;0.0;300.0;;0.0;300.0;;0.0;300.0;;0.0;300.0;;0.0;300.0;;0.0;300.0;;0.0;300.0;;0.0;300.0;;0.0;300.0;;0.0;300.0;;0.0;300.0;;0.0;300.0;;0.0;300.0;;0.0;300.0;;0.0;300.0;;0.0;300.0;;0.0;300.0;;0.0;300.0;;0.0;300.0;;0.0;300.0;;0.0;300.0;;0.0;300.0;;0.0;300.0;;0.0;300.0;;0.0;300.0;;0.0;300.0;;0.0;360.0;;0.0;360.0;;0.0;360.0;;0.0;360.0;;0.0;360.0;;0.0;360.0;;0.0;360.0;;0.0;360.0;;0.0;360.0;;0.0;360.0;;0.0;360.0;;0.0;360.0;;0.0;360.0;;0.0;360.0;;0.0;360.0;;0.0;360.0;;0.0;360.0;;0.0;360.0;;0.0;360.0;;0.0;360.0;;0.0;360.0;;0.0;360.0;;0.0;360.0;;0.0;360.0;;0.0;360.0;;0.0;360.0;;0.0;360.0;;0.0;360.0;;0.0;360.0;;0.0;360.0;;0.0;360.0;;0.0;360.0;;0.0;360.0;;0.0;360.0;;0.0;360.0;;0.0;360.0;;0.0;360.0;;0.0;360.0;;0.0;360.0;;0.0;360.0;;0.0;360.0;;0.0;360.0;;0.0;420.0;;0.0;420.0;;0.0;420.0;;0.0;420.0;;0.0;420.0;;0.0;420.0;;0.0;420.0;;0.0;420.0;;0.0;420.0;;0.0;420.0;;0.0;420.0;;0.0;420.0;;0.0;420.0;;0.0;420.0;;0.0;420.0;;0.0;420.0;;0.0;420.0;;0.0;420.0;;0.0;420.0;;0.0;420.0;;0.0;420.0;;0.0;420.0;;0.0;420.0;;0.0;420.0;;0.0;420.0;;0.0;420.0;;0.0;420.0;;0.0;420.0;;0.0;420.0;;0.0;420.0;;0.0;420.0;;0.0;420.0;;0.0;420.0;;0.0;420.0;;0.0;420.0;;0.0;420.0;;0.0;420.0;;0.0;420.0;;0.0;420.0;;0.0;420.0;;0.0;420.0;;0.0;420.0;;0.0;420.0;;0.0;420.0;;0.0;420.0;;0.0;420.0;;0.0;420.0;;0.0;420.0;;0.0;420.0;;0.0;420.0;;0.0;420.0;;0.0;420.0;;0.0;420.0;;0.0;420.0;;0.0;420.0;;0.0;420.0;;0.0;420.0;;0.0;420.0;;0.0;420.0;;0.0;420.0;;0.0;420.0;;0.0;420.0;;0.0;420.0;;0.0;420.0;;0.0;420.0;;0.0;420.0;;0.0;420.0;;0.0;420.0;;0.0;420.0;;0.0;420.0;;0.0;420.0;;0.0;420.0;;0.0;420.0;;0.0;420.0;;0.0;420.0;;0.0;420.0;;0.0;420.0;;0.0;420.0;;0.0;420.0;;0.0;420.0;;0.0;420.0;;0.0;420.0;;0.0;420.0;;0.0;420.0;;0.0;420.0;;0.0;420.0;;0.0;420.0;;0.0;420.0;;0.0;420.0;;60.0;180.0;;60.0;180.0;;60.0;180.0;;60.0;180.0;;60.0;180.0;;60.0;180.0;;60.0;180.0;;60.0;180.0;;60.0;180.0;;60.0;180.0;;60.0;180.0;;60.0;180.0;;60.0;180.0;;60.0;180.0;;60.0;180.0;;60.0;180.0;;60.0;180.0;;60.0;180.0;;60.0;180.0;;60.0;180.0;;60.0;180.0;;60.0;180.0;;60.0;180.0;;60.0;180.0;;60.0;180.0;;60.0;60.0;;60.0;60.0;;60.0;60.0;;60.0;60.0;;60.0;60.0;;60.0;60.0;;60.0;60.0;;60.0;60.0;;60.0;60.0;;60.0;60.0;;60.0;60.0;;60.0;60.0;;60.0;60.0;;60.0;60.0;;60.0;60.0;;60.0;60.0;;60.0;60.0;;60.0;60.0;;60.0;60.0;;90.0;300.0;;90.0;300.0;;90.0;300.0;;90.0;300.0;;90.0;300.0;;90.0;300.0;;90.0;300.0;;90.0;300.0;;90.0;300.0;;90.0;300.0;;90.0;300.0;;90.0;300.0;;90.0;300.0;;90.0;300.0;;90.0;300.0;;90.0;300.0;;90.0;300.0;;90.0;300.0;;90.0;300.0;;90.0;300.0;;90.0;300.0;;90.0;300.0;;90.0;300.0;;90.0;300.0;;90.0;300.0;;90.0;300.0;;90.0;300.0;;90.0;300.0;;90.0;300.0;;90.0;300.0;;90.0;300.0;;90.0;300.0;;90.0;300.0;;90.0;300.0;;90.0;300.0;;90.0;300.0;;90.0;300.0;;90.0;300.0;;90.0;300.0;;90.0;300.0;;90.0;300.0;;90.0;300.0;;90.0;300.0;;90.0;300.0;;90.0;360.0;;90.0;360.0;;90.0;360.0;;90.0;360.0;;90.0;360.0;;90.0;360.0;;90.0;360.0;;90.0;360.0;;90.0;360.0;;90.0;360.0;;90.0;360.0;;90.0;360.0;;90.0;300.0;;90.0;300.0;;90.0;300.0;;90.0;300.0;;90.0;300.0;;90.0;300.0;;90.0;300.0;;90.0;300.0;;90.0;300.0;;90.0;300.0;;90.0;300.0;;90.0;300.0;;90.0;300.0;;90.0;300.0;;90.0;300.0;;90.0;300.0;;90.0;300.0;;90.0;300.0;;90.0;300.0;;90.0;300.0;;90.0;300.0;;90.0;300.0;;90.0;300.0;;90.0;300.0;;90.0;300.0;;90.0;300.0;;90.0;300.0;;90.0;300.0;;90.0;300.0;;90.0;300.0;;90.0;300.0;;90.0;300.0;;90.0;300.0;;90.0;300.0;;90.0;360.0;;90.0;360.0;;90.0;360.0;;90.0;360.0;;90.0;420.0;;90.0;420.0;;90.0;420.0;;90.0;420.0;;90.0;420.0;;90.0;420.0;;90.0;420.0;;90.0;420.0;;90.0;420.0;;90.0;420.0;;90.0;420.0;;90.0;420.0;;90.0;420.0;;90.0;420.0;;90.0;420.0;;90.0;420.0;;90.0;420.0;;90.0;420.0;;90.0;420.0;;90.0;420.0;;90.0;420.0;;90.0;420.0;;90.0;360.0;;90.0;360.0;;90.0;360.0;;90.0;360.0;;90.0;360.0;;90.0;360.0;;90.0;360.0;;90.0;360.0;;90.0;360.0;;90.0;360.0;;90.0;360.0;;90.0;360.0;;90.0;360.0;;90.0;360.0;;90.0;360.0;;90.0;360.0;;90.0;360.0;;90.0;360.0;;90.0;360.0;;90.0;360.0;;90.0;360.0;;90.0;360.0;;90.0;360.0;;90.0;360.0;;90.0;360.0;;90.0;360.0;;90.0;360.0;;90.0;360.0;;120.0;0.0;;120.0;0.0;;120.0;0.0;;120.0;0.0;;120.0;0.0;;120.0;0.0;;120.0;0.0;;120.0;0.0;;120.0;0.0;;120.0;0.0;;120.0;0.0;;120.0;0.0;;120.0;0.0;;120.0;0.0;;120.0;0.0;;120.0;0.0;;120.0;0.0;;120.0;0.0;;120.0;0.0;;120.0;0.0;;120.0;0.0;;120.0;0.0;;120.0;0.0;;120.0;0.0;;120.0;0.0;;120.0;0.0;;120.0;0.0;;120.0;0.0;;120.0;0.0;;90.0;210.0;;90.0;210.0;;90.0;210.0;;90.0;210.0;;90.0;210.0;;90.0;210.0;;90.0;210.0;;90.0;210.0;;90.0;210.0;;90.0;210.0;;90.0;210.0;;90.0;210.0;;90.0;210.0;;90.0;210.0;;90.0;210.0;;90.0;210.0;;90.0;210.0;;90.0;210.0;;90.0;210.0;;90.0;210.0;;90.0;210.0;;150.0;0.0;;150.0;0.0;;150.0;0.0;;150.0;0.0;;150.0;0.0;;150.0;0.0;;150.0;0.0;;150.0;0.0;;150.0;60.0;;150.0;60.0;;150.0;60.0;;150.0;60.0;;150.0;60.0;;150.0;60.0;;150.0;60.0;;150.0;60.0;;150.0;60.0;;150.0;60.0;;150.0;60.0;;150.0;60.0;;150.0;60.0;;150.0;60.0;;150.0;60.0;;150.0;60.0;;150.0;60.0;;150.0;60.0;;150.0;60.0;;150.0;60.0;;150.0;0.0;;150.0;0.0;;150.0;0.0;;150.0;0.0;;150.0;0.0;;150.0;0.0;;150.0;0.0;;150.0;0.0;;150.0;0.0;;150.0;0.0;;150.0;0.0;;150.0;0.0;;150.0;0.0;;150.0;0.0;;150.0;0.0;;150.0;0.0;;150.0;0.0;;150.0;0.0;;150.0;0.0;;150.0;0.0;;150.0;0.0;;150.0;0.0;;150.0;0.0;;150.0;60.0;;150.0;60.0;;150.0;60.0;;150.0;60.0;;150.0;60.0;;150.0;60.0;;150.0;60.0;;150.0;60.0;;150.0;60.0;;150.0;60.0;;150.0;60.0;;150.0;60.0;;150.0;60.0;;150.0;60.0;;150.0;60.0;;150.0;60.0;;150.0;60.0;;150.0;60.0;;150.0;60.0;;150.0;60.0;;150.0;60.0;;150.0;60.0;;150.0;60.0;;150.0;60.0;;150.0;60.0;;150.0;60.0;;150.0;60.0;;150.0;60.0;;150.0;60.0;;150.0;60.0;;150.0;60.0;;150.0;60.0;;150.0;60.0;;150.0;60.0;;150.0;60.0;;150.0;60.0;;150.0;60.0;;150.0;60.0;;150.0;60.0;;150.0;60.0;;150.0;60.0;;150.0;60.0;;120.0;330.0;;120.0;330.0;;120.0;330.0;;120.0;330.0;;120.0;330.0;;120.0;330.0;;120.0;330.0;;120.0;330.0;;120.0;330.0;;120.0;330.0;;120.0;330.0;;120.0;330.0;;120.0;330.0;;120.0;330.0;;120.0;330.0;;120.0;330.0;;120.0;330.0;;120.0;330.0;;120.0;330.0;;120.0;330.0;;120.0;330.0;;120.0;330.0;;120.0;330.0;;120.0;330.0;;120.0;330.0;;120.0;330.0;;120.0;330.0;;120.0;330.0;;120.0;330.0;;180.0;0.0;;180.0;0.0;;180.0;0.0;;180.0;0.0;;180.0;0.0;;180.0;0.0;;180.0;60.0;;180.0;60.0;;180.0;60.0;;180.0;60.0;;180.0;60.0;;180.0;60.0;;180.0;60.0;;180.0;60.0;;180.0;60.0;;180.0;60.0;;180.0;60.0;;180.0;60.0;;180.0;0.0;;180.0;0.0;;210.0;120.0;;210.0;120.0;;210.0;120.0;;210.0;120.0;;210.0;120.0;;210.0;120.0;;210.0;120.0;;210.0;120.0;;210.0;120.0;;210.0;120.0;;210.0;120.0;;210.0;120.0;;210.0;120.0;;210.0;120.0;;210.0;120.0;;210.0;120.0;;210.0;120.0;;210.0;120.0;;210.0;120.0;;210.0;120.0;;210.0;120.0;;210.0;120.0;;210.0;120.0;;210.0;120.0;;210.0;120.0;;210.0;120.0;;210.0;120.0;;210.0;120.0;;210.0;120.0;;210.0;120.0;;210.0;120.0;;210.0;120.0;;210.0;120.0;;210.0;120.0;;210.0;120.0;;210.0;120.0;;210.0;120.0;;210.0;120.0;;210.0;120.0;;210.0;120.0;;210.0;120.0;;210.0;120.0;;210.0;120.0;;210.0;120.0;;210.0;120.0;;210.0;120.0;;210.0;120.0;;210.0;120.0;;210.0;120.0;;210.0;120.0;;210.0;150.0;;210.0;150.0;;210.0;150.0;;210.0;150.0;;210.0;150.0;;210.0;150.0;;210.0;150.0;;210.0;150.0;;210.0;150.0;;210.0;150.0;;210.0;150.0;;210.0;150.0;;210.0;150.0;;210.0;150.0;;210.0;150.0;;210.0;150.0;;210.0;150.0;;210.0;150.0;;210.0;150.0;;210.0;150.0;;210.0;150.0;;210.0;150.0;;210.0;150.0;;210.0;150.0;;210.0;150.0;;210.0;150.0;;210.0;150.0;;210.0;150.0;;210.0;150.0;;210.0;150.0;;210.0;150.0;;210.0;150.0;;210.0;150.0;;210.0;150.0;;210.0;150.0;;210.0;150.0;;210.0;150.0;;210.0;150.0;;210.0;150.0;;210.0;150.0;;210.0;150.0;;210.0;150.0;;210.0;150.0;;210.0;150.0;;210.0;150.0;;210.0;150.0;;210.0;150.0;;210.0;150.0;;210.0;150.0;;210.0;150.0;;210.0;150.0;;210.0;150.0;;210.0;150.0;;210.0;150.0;;210.0;150.0;;210.0;150.0;;210.0;150.0;;210.0;150.0;;210.0;150.0;;210.0;150.0;;210.0;150.0;;210.0;150.0;;210.0;150.0;;210.0;150.0;;210.0;150.0;;210.0;150.0;;210.0;150.0;;210.0;150.0;;210.0;150.0;;210.0;150.0;;210.0;150.0;;210.0;150.0;;210.0;150.0;;210.0;150.0;;210.0;0.0;;210.0;0.0;;210.0;0.0;;210.0;0.0;;210.0;0.0;;210.0;0.0;;210.0;0.0;;210.0;0.0;;210.0;0.0;;210.0;0.0;;210.0;0.0;;210.0;0.0;;210.0;0.0;;210.0;0.0;;210.0;0.0;;210.0;0.0;;210.0;0.0;;210.0;0.0;;210.0;0.0;;210.0;0.0;;210.0;0.0;;210.0;0.0;;210.0;0.0;;210.0;0.0;;210.0;0.0;;210.0;0.0;;210.0;0.0;;210.0;0.0;;210.0;0.0;;210.0;270.0;;210.0;270.0;;210.0;270.0;;210.0;270.0;;210.0;270.0;;210.0;330.0;;210.0;330.0;;210.0;330.0;;210.0;330.0;;210.0;330.0;;210.0;330.0;;210.0;330.0;;210.0;330.0;;210.0;330.0;;210.0;330.0;;210.0;330.0;;210.0;330.0;;210.0;270.0;;210.0;270.0;;210.0;270.0;;210.0;270.0;;210.0;270.0;;210.0;270.0;;210.0;270.0;;210.0;270.0;;210.0;270.0;;210.0;270.0;;210.0;270.0;;210.0;270.0;;210.0;270.0;;210.0;270.0;;210.0;270.0;;210.0;270.0;;210.0;270.0;;210.0;270.0;;210.0;270.0;;210.0;270.0;;210.0;270.0;;210.0;270.0;;210.0;270.0;;210.0;270.0;;210.0;270.0;;210.0;270.0;;210.0;270.0;;210.0;270.0;;210.0;270.0;;210.0;270.0;;210.0;270.0;;210.0;270.0;;210.0;270.0;;210.0;270.0;;210.0;330.0;;210.0;330.0;;210.0;330.0;;210.0;330.0;;210.0;330.0;;210.0;330.0;;210.0;330.0;;210.0;330.0;;210.0;330.0;;210.0;330.0;;210.0;330.0;;210.0;330.0;;210.0;330.0;;210.0;330.0;;210.0;330.0;;210.0;330.0;;210.0;330.0;;210.0;330.0;;210.0;330.0;;210.0;330.0;;210.0;330.0;;210.0;330.0;;210.0;330.0;;210.0;330.0;;210.0;330.0;;240.0;0.0;;240.0;0.0;;240.0;0.0;;240.0;0.0;;240.0;0.0;;240.0;0.0;;240.0;0.0;;240.0;0.0;;240.0;0.0;;240.0;0.0;;240.0;0.0;;240.0;0.0;;240.0;0.0;;240.0;0.0;;240.0;0.0;;240.0;0.0;;240.0;0.0;;240.0;0.0;;240.0;0.0;;240.0;0.0;;240.0;0.0;;240.0;0.0;;240.0;0.0;;240.0;0.0;;240.0;0.0;;240.0;0.0;;240.0;0.0;;240.0;60.0;;240.0;60.0;;240.0;60.0;;240.0;60.0;;240.0;60.0;;240.0;60.0;;240.0;60.0;;240.0;60.0;;240.0;60.0;;240.0;60.0;;240.0;60.0;;240.0;60.0;;240.0;60.0;;240.0;60.0;;240.0;60.0;;240.0;60.0;;240.0;60.0;;240.0;60.0;;240.0;0.0;;240.0;0.0;;240.0;0.0;;240.0;0.0;;240.0;0.0;;240.0;0.0;;240.0;0.0;;240.0;0.0;;240.0;0.0;;240.0;0.0;;240.0;0.0;;240.0;0.0;;240.0;0.0;;240.0;0.0;;240.0;0.0;;210.0;120.0;;210.0;120.0;;210.0;120.0;;210.0;120.0;;210.0;120.0;;210.0;120.0;;210.0;120.0;;210.0;120.0;;210.0;120.0;;210.0;120.0;;210.0;120.0;;210.0;120.0;;210.0;120.0;;210.0;120.0;;210.0;120.0;;210.0;120.0;;210.0;120.0;;210.0;120.0;;210.0;120.0;;210.0;120.0;;210.0;120.0;;210.0;120.0;;210.0;120.0;;210.0;120.0;;210.0;120.0;;210.0;120.0;;210.0;120.0;;210.0;120.0;;210.0;120.0;;210.0;120.0;;210.0;120.0;;210.0;120.0;;210.0;120.0;;210.0;120.0;;210.0;120.0;;210.0;120.0;;210.0;120.0;;210.0;120.0;;210.0;120.0;;240.0;390.0;;240.0;390.0;;240.0;390.0;;240.0;390.0;;240.0;390.0;;240.0;390.0;;240.0;390.0;;240.0;390.0;;240.0;390.0;;240.0;390.0;;240.0;390.0;;240.0;390.0;;240.0;390.0;;240.0;390.0;;240.0;390.0;;240.0;390.0;;240.0;390.0;;240.0;390.0;;240.0;390.0;;240.0;390.0;;240.0;390.0;;240.0;390.0;;270.0;60.0;;270.0;60.0;;270.0;60.0;;270.0;60.0;;270.0;60.0;;270.0;60.0;;270.0;60.0;;270.0;60.0;;270.0;60.0;;270.0;60.0;;270.0;60.0;;270.0;60.0;;270.0;60.0;;270.0;60.0;;270.0;60.0;;270.0;60.0;;270.0;60.0;;270.0;60.0;;270.0;60.0;;300.0;60.0;R;300.0;60.0;R;300.0;30.0;A;0;
Bot Easy;60.0;60.0;;60.0;60.0;;0.0;60.0;;0.0;60.0;;0.0;60.0;;0.0;60.0;;0.0;60.0;;0.0;60.0;;0.0;60.0;;0.0;60.0;;0.0;60.0;;0.0;60.0;;0.0;60.0;;0.0;60.0;;0.0;60.0;;0.0;60.0;;0.0;60.0;;0.0;60.0;;0.0;60.0;;0.0;60.0;;0.0;60.0;;0.0;60.0;;0.0;60.0;;0.0;60.0;;0.0;60.0;;0.0;60.0;;0.0;60.0;;0.0;60.0;;0.0;60.0;;0.0;60.0;;0.0;60.0;;0.0;60.0;;0.0;60.0;;0.0;60.0;;0.0;60.0;;0.0;60.0;;0.0;60.0;;0.0;60.0;;0.0;60.0;;0.0;60.0;;0.0;60.0;;0.0;60.0;;0.0;60.0;;0.0;60.0;;0.0;60.0;;0.0;60.0;;0.0;60.0;;0.0;60.0;;0.0;60.0;;0.0;60.0;;0.0;60.0;;0.0;60.0;;0.0;60.0;;0.0;60.0;;0.0;60.0;;0.0;60.0;;0.0;60.0;;0.0;60.0;;0.0;60.0;;0.0;60.0;;0.0;60.0;;0.0;60.0;;0.0;60.0;;0.0;60.0;;0.0;60.0;;0.0;60.0;;0.0;60.0;;0.0;60.0;;0.0;60.0;;0.0;60.0;;0.0;60.0;;60.0;90.0;;60.0;90.0;;60.0;90.0;;60.0;90.0;;60.0;90.0;;60.0;90.0;;60.0;90.0;;60.0;90.0;;60.0;90.0;;60.0;90.0;;60.0;90.0;;60.0;90.0;;60.0;90.0;;60.0;90.0;;60.0;90.0;;60.0;90.0;;60.0;90.0;;60.0;90.0;;60.0;90.0;;60.0;90.0;;60.0;90.0;;0.0;90.0;;0.0;90.0;;0.0;90.0;;0.0;90.0;;0.0;90.0;;0.0;90.0;;0.0;90.0;;0.0;90.0;;0.0;90.0;;0.0;90.0;;0.0;90.0;;0.0;90.0;;0.0;90.0;;0.0;90.0;;0.0;90.0;;0.0;90.0;;0.0;90.0;;0.0;90.0;;0.0;90.0;;0.0;90.0;;0.0;90.0;;0.0;90.0;;0.0;90.0;;0.0;90.0;;0.0;90.0;;0.0;90.0;;0.0;300.0;;0.0;300.0;;0.0;300.0;;0.0;300.0;;0.0;300.0;;0.0;300.0;;0.0;300.0;;0.0;300.0;;0.0;300.0;;0.0;300.0;;0.0;300.0;;0.0;300.0;;0.0;300.0;;0.0;300.0;;0.0;300.0;;0.0;300.0;;0.0;300.0;;0.0;300.0;;0.0;300.0;;0.0;300.0;;0.0;300.0;;0.0;300.0;;0.0;300.0;;0.0;300.0;;0.0;300.0;;0.0;300.0;;0.0;300.0;;0.0;300.0;;0.0;300.0;;0.0;300.0;;0.0;300.0;;0.0;300.0;;0.0;300.0;;0.0;300.0;;0.0;300.0;;0.0;300.0;;0.0;300.0;;0.0;300.0;;0.0;300.0;;0.0;300.0;;0.0;300.0;;0.0;300.0;;0.0;300.0;;0.0;300.0;;0.0;300.0;;0.0;300.0;;0.0;300.0;;0.0;300.0;;0.0;360.0;;0.0;360.0;;0.0;360.0;;0.0;360.0;;0.0;360.0;;0.0;360.0;;0.0;360.0;;0.0;360.0;;0.0;360.0;;0.0;360.0;;0.0;360.0;;0.0;360.0;;0.0;360.0;;0.0;360.0;;0.0;360.0;;0.0;360.0;;0.0;360.0;;0.0;360.0;;0.0;360.0;;0.0;360.0;;0.0;360.0;;0.0;360.0;;0.0;360.0;;0.0;360.0;;0.0;360.0;;0.0;360.0;;0.0;360.0;;0.0;360.0;;0.0;360.0;;0.0;360.0;;0.0;420.0;;0.0;420.0;;0.0;420.0;;0.0;420.0;;0.0;420.0;;0.0;420.0;;0.0;420.0;;0.0;420.0;;0.0;420.0;;0.0;420.0;;0.0;420.0;;0.0;420.0;;0.0;420.0;;0.0;420.0;;0.0;420.0;;0.0;420.0;;0.0;420.0;;0.0;420.0;;0.0;420.0;;0.0;420.0;;0.0;420.0;;0.0;420.0;;0.0;420.0;;0.0;420.0;;0.0;420.0;;0.0;420.0;;0.0;420.0;;0.0;420.0;;0.0;420.0;;0.0;420.0;;0.0;420.0;;0.0;420.0;;0.0;420.0;;0.0;420.0;;0.0;420.0;;0.0;420.0;;0.0;420.0;;0.0;420.0;;0.0;420.0;;0.0;420.0;;0.0;420.0;;0.0;420.0;;0.0;420.0;;0.0;420.0;;0.0;420.0;;0.0;420.0;;0.0;420.0;;0.0;420.0;;0.0;420.0;;0.0;420.0;;0.0;420.0;;0.0;420.0;;0.0;420.0;;0.0;420.0;;0.0;420.0;;0.0;420.0;;0.0;420.0;;0.0;420.0;;0.0;420.0;;0.0;420.0;;0.0;420.0;;0.0;420.0;;0.0;420.0;;0.0;420.0;;0.0;420.0;;0.0;420.0;;0.0;420.0;;0.0;420.0;;0.0;420.0;;60.0;180.0;;60.0;180.0;;60.0;180.0;;60.0;180.0;;60.0;180.0;;60.0;180.0;;60.0;180.0;;60.0;180.0;;60.0;180.0;;60.0;180.0;;60.0;180.0;;60.0;180.0;;60.0;60.0;;60.0;60.0;;60.0;60.0;;60.0;60.0;;60.0;60.0;;60.0;60.0;;60.0;60.0;;60.0;60.0;;60.0;60.0;;90.0;300.0;;90.0;300.0;;90.0;300.0;;90.0;300.0;;90.0;300.0;;90.0;300.0;;90.0;300.0;;90.0;300.0;;90.0;300.0;;90.0;300.0;;90.0;300.0;;90.0;300.0;;90.0;300.0;;90.0;300.0;;90.0;300.0;;90.0;300.0;;90.0;300.0;;90.0;300.0;;90.0;300.0;;90.0;300.0;;90.0;300.0;;90.0;300.0;;90.0;300.0;;90.0;300.0;;90.0;300.0;;90.0;300.0;;90.0;300.0;;90.0;300.0;;90.0;300.0;;90.0;360.0;;90.0;360.0;;90.0;360.0;;90.0;360.0;;90.0;360.0;;90.0;360.0;;90.0;300.0;;90.0;300.0;;90.0;300.0;;90.0;300.0;;90.0;300.0;;90.0;300.0;;90.0;300.0;;90.0;300.0;;90.0;300.0;;90.0;300.0;;90.0;300.0;;90.0;300.0;;90.0;300.0;;90.0;300.0;;90.0;300.0;;90.0;300.0;;90.0;300.0;;90.0;300.0;;90.0;300.0;;90.0;300.0;;90.0;300.0;;90.0;300.0;;90.0;300.0;;90.0;300.0;;90.0;300.0;;90.0;420.0;;90.0;420.0;;90.0;420.0;;90.0;420.0;;90.0;420.0;;90.0;420.0;;90.0;360.0;;90.0;360.0;;90.0;360.0;;90.0;360.0;;90.0;360.0;;90.0;360.0;;90.0;360.0;;90.0;360.0;;90.0;360.0;;90.0;360.0;;90.0;360.0;;90.0;360.0;;90.0;360.0;;90.0;360.0;;90.0;360.0;;90.0;360.0;;90.0;360.0;;90.0;360.0;;90.0;360.0;;90.0;360.0;;90.0;360.0;;90.0;360.0;;90.0;360.0;;120.0;0.0;;120.0;0.0;;120.0;0.0;;120.0;0.0;;120.0;0.0;;120.0;0.0;;120.0;0.0;;120.0;0.0;;120.0;0.0;;120.0;0.0;;120.0;0.0;;120.0;0.0;;120.0;0.0;;90.0;210.0;;90.0;210.0;;90.0;210.0;;90.0;210.0;;90.0;210.0;;90.0;210.0;;90.0;210.0;;90.0;210.0;;90.0;210.0;;90.0;210.0;;90.0;210.0;;90.0;210.0;;150.0;0.0;;150.0;0.0;;150.0;60.0;;150.0;60.0;;150.0;60.0;;150.0;60.0;;150.0;60.0;;150.0;60.0;;150.0;60.0;;150.0;60.0;;150.0;60.0;;150.0;60.0;;150.0;60.0;;150.0;0.0;;150.0;0.0;;150.0;0.0;;150.0;0.0;;150.0;0.0;;150.0;0.0;;150.0;0.0;;150.0;0.0;;150.0;0.0;;150.0;0.0;;150.0;0.0;;150.0;0.0;;150.0;0.0;;150.0;0.0;;150.0;0.0;;150.0;0.0;;150.0;0.0;;150.0;0.0;;150.0;0.0;;150.0;0.0;;150.0;60.0;;150.0;60.0;;150.0;60.0;;150.0;60.0;;150.0;60.0;;150.0;60.0;;150.0;60.0;;150.0;60.0;;150.0;60.0;;150.0;60.0;;150.0;60.0;;150.0;60.0;;150.0;60.0;;150.0;60.0;;150.0;60.0;;150.0;60.0;;150.0;60.0;;150.0;60.0;;150.0;60.0;;150.0;60.0;;150.0;60.0;;150.0;60.0;;150.0;60.0;;150.0;60.0;;150.0;60.0;;150.0;60.0;;150.0;60.0;;150.0;60.0;;150.0;60.0;;150.0;60.0;;120.0;330.0;;120.0;330.0;;120.0;330.0;;120.0;330.0;;120.0;330.0;;120.0;330.0;;120.0;330.0;;120.0;330.0;;120.0;330.0;;120.0;330.0;;120.0;330.0;;120.0;330.0;;120.0;330.0;;180.0;0.0;;180.0;60.0;;180.0;60.0;;180.0;60.0;;180.0;60.0;;180.0;60.0;;180.0;60.0;;180.0;60.0;;180.0;0.0;;210.0;120.0;;210.0;120.0;;210.0;120.0;;210.0;120.0;;210.0;120.0;;210.0;120.0;;210.0;120.0;;210.0;120.0;;210.0;120.0;;210.0;120.0;;210.0;120.0;;210.0;120.0;;210.0;120.0;;210.0;120.0;;210.0;120.0;;210.0;120.0;;210.0;120.0;;210.0;120.0;;210.0;120.0;;210.0;120.0;;210.0;120.0;;210.0;120.0;;210.0;120.0;;210.0;120.0;;210.0;120.0;;210.0;120.0;;210.0;120.0;;210.0;120.0;;210.0;120.0;;210.0;120.0;;210.0;120.0;;210.0;120.0;;210.0;120.0;;210.0;120.0;;210.0;120.0;;210.0;120.0;;210.0;120.0;;210.0;150.0;;210.0;150.0;;210.0;150.0;;210.0;150.0;;210.0;150.0;;210.0;150.0;;210.0;150.0;;210.0;150.0;;210.0;150.0;;210.0;150.0;;210.0;150.0;;210.0;150.0;;210.0;150.0;;210.0;150.0;;210.0;150.0;;210.0;150.0;;210.0;150.0;;210.0;150.0;;210.0;150.0;;210.0;150.0;;210.0;150.0;;210.0;150.0;;210.0;150.0;;210.0;150.0;;210.0;150.0;;210.0;150.0;;210.0;150.0;;210.0;150.0;;210.0;150.0;;210.0;150.0;;210.0;150.0;;210.0;150.0;;210.0;150.0;;210.0;150.0;;210.0;150.0;;210.0;150.0;;210.0;150.0;;210.0;150.0;;210.0;150.0;;210.0;150.0;;210.0;150.0;;210.0;150.0;;210.0;150.0;;210.0;150.0;;210.0;150.0;;210.0;150.0;;210.0;150.0;;210.0;150.0;;210.0;150.0;;210.0;150.0;;210.0;150.0;;210.0;150.0;;210.0;60.0;;210.0;60.0;;210.0;60.0;;210.0;0.0;;210.0;0.0;;210.0;0.0;;210.0;0.0;;210.0;0.0;;210.0;0.0;;210.0;0.0;;210.0;0.0;;210.0;0.0;;210.0;0.0;;210.0;0.0;;210.0;0.0;;210.0;0.0;;210.0;270.0;;210.0;330.0;;210.0;330.0;;210.0;330.0;;210.0;330.0;;210.0;330.0;;210.0;330.0;;210.0;270.0;;210.0;270.0;;210.0;270.0;;210.0;270.0;;210.0;270.0;;210.0;270.0;;210.0;270.0;;210.0;270.0;;210.0;270.0;;210.0;270.0;;210.0;270.0;;210.0;270.0;;210.0;270.0;;210.0;270.0;;210.0;270.0;;210.0;270.0;;210.0;270.0;;210.0;270.0;;210.0;270.0;;210.0;270.0;;210.0;270.0;;210.0;270.0;;210.0;270.0;;210.0;270.0;;210.0;270.0;;210.0;330.0;;210.0;330.0;;210.0;330.0;;210.0;330.0;;210.0;330.0;;210.0;330.0;;210.0;330.0;;210.0;330.0;;210.0;330.0;;240.0;0.0;;240.0;0.0;;240.0;0.0;;240.0;0.0;;240.0;0.0;;240.0;0.0;;240.0;0.0;;240.0;0.0;;240.0;0.0;;240.0;0.0;;240.0;0.0;;240.0;0.0;;240.0;0.0;;240.0;0.0;;240.0;0.0;;240.0;0.0;;240.0;0.0;;240.0;0.0;;240.0;60.0;;240.0;60.0;;240.0;60.0;;240.0;60.0;;240.0;60.0;;240.0;0.0;;240.0;0.0;;240.0;0.0;;240.0;0.0;;240.0;0.0;;240.0;0.0;;240.0;0.0;;240.0;0.0;;240.0;0.0;;240.0;0.0;;240.0;0.0;;240.0;0.0;;210.0;120.0;;210.0;120.0;;210.0;120.0;;210.0;120.0;;210.0;120.0;;210.0;120.0;;210.0;120.0;;210.0;120.0;;210.0;120.0;;210.0;120.0;;210.0;120.0;;210.0;120.0;;210.0;120.0;;210.0;120.0;;210.0;120.0;;210.0;120.0;;210.0;120.0;;210.0;120.0;;210.0;120.0;;210.0;120.0;;210.0;120.0;;210.0;120.0;;210.0;120.0;;210.0;120.0;;210.0;120.0;;210.0;120.0;;240.0;390.0;;240.0;390.0;;240.0;390.0;;240.0;390.0;;240.0;390.0;;240.0;390.0;;240.0;390.0;;240.0;390.0;;240.0;390.0;;240.0;390.0;;240.0;390.0;;240.0;390.0;;240.0;390.0;;240.0;390.0;;330.0;30.0;I;360.0;30.0;R;0;
