Bot Medium;12;
Bot Medium;210.0;240.0;L;210.0;270.0;A;210.0;300.0;R;210.0;330.0;Y;12;
Bot Easy;180.0;240.0;I;150.0;240.0;A;4;
Bot Medium;150.0;270.0;L;150.0;300.0;D;150.0;330.0;R;150.0;360.0;I;150.0;390.0;N;11;
Bot Easy;120.0;270.0;E;90.0;270.0;E;5;
Bot Medium;90.0;240.0;;180.0;300.0;;180.0;300.0;;180.0;300.0;;120.0;330.0;O;120.0;330.0;O;90.0;330.0;T;60.0;330.0;E;30.0;330.0;F;11;
Bot Easy;30.0;300.0;L;30.0;270.0;E;8;
Bot Medium;0.0;270.0;;0.0;270.0;;0.0;270.0;;0.0;270.0;;0.0;270.0;;0.0;270.0;;0.0;270.0;;60.0;270.0;;0.0;270.0;;0.0;270.0;;0.0;270.0;;0.0;300.0;;0.0;300.0;;0.0;300.0;;0.0;300.0;;0.0;300.0;;0.0;300.0;;0.0;300.0;;0.0;300.0;;0.0;300.0;;0.0;300.0;;0.0;300.0;;0.0;300.0;;0.0;300.0;;0.0;300.0;;0.0;300.0;;0.0;300.0;;0.0;300.0;;0.0;300.0;;0.0;300.0;;0.0;300.0;;0.0;300.0;;0.0;300.0;;0.0;300.0;;0.0;300.0;;0.0;300.0;;0.0;300.0;;0.0;300.0;;0.0;300.0;;0.0;300.0;;0.0;300.0;;0.0;300.0;;0.0;300.0;;0.0;300.0;;60.0;360.0;;60.0;390.0;;60.0;360.0;;60.0;390.0;;60.0;420.0;;60.0;360.0;;60.0;390.0;;60.0;420.0;;60.0;360.0;;60.0;390.0;;60.0;420.0;;60.0;360.0;;60.0;390.0;;60.0;420.0;;60.0;360.0;;60.0;390.0;;60.0;420.0;;60.0;360.0;;60.0;390.0;;60.0;420.0;;60.0;360.0;;60.0;360.0;;60.0;390.0;;60.0;420.0;;90.0;240.0;N;90.0;210.0;O;90.0;240.0;N;90.0;210.0;O;90.0;180.0;G;90.0;150.0;A;0;
Bot Easy;0.0;270.0;;0.0;270.0;;60.0;270.0;;60.0;270.0;;60.0;270.0;;0.0;270.0;;0.0;270.0;;0.0;270.0;;0.0;270.0;;0.0;270.0;;0.0;300.0;;0.0;300.0;;0.0;300.0;;0.0;300.0;;0.0;300.0;;0.0;300.0;;0.0;300.0;;0.0;300.0;;0.0;300.0;;0.0;300.0;;0.0;300.0;;0.0;300.0;;0.0;300.0;;0.0;300.0;;60.0;360.0;A;60.0;390.0;U;0;
Bot Medium;0.0;270.0;;0.0;270.0;;0.0;270.0;;0.0;270.0;;0.0;270.0;;0.0;270.0;;0.0;300.0;;0.0;300.0;;0.0;300.0;;0.0;300.0;;0.0;300.0;;0.0;300.0;;0.0;300.0;;0.0;300.0;;0.0;300.0;;0.0;300.0;;0.0;300.0;;0.0;300.0;;0.0;300.0;;0.0;300.0;;30.0;390.0;;0.0;390.0;;90.0;390.0;;120.0;390.0;E;90.0;390.0;;120.0;390.0;E;90.0;390.0;;120.0;390.0;E;60.0;150.0;;30.0;150.0;;60.0;150.0;;30.0;150.0;;60.0;150.0;;60.0;150.0;;60.0;150.0;;60.0;150.0;;60.0;180.0;;60.0;180.0;;30.0;180.0;;60.0;180.0;;30.0;180.0;;60.0;180.0;;30.0;180.0;;60.0;180.0;;30.0;180.0;;0.0;180.0;;120.0;180.0;;150.0;180.0;;180.0;180.0;;120.0;180.0;;150.0;180.0;;180.0;180.0;;120.0;180.0;;150.0;180.0;;180.0;180.0;;120.0;180.0;;150.0;180.0;;180.0;180.0;;120.0;180.0;;150.0;180.0;;180.0;180.0;;60.0;180.0;;30.0;180.0;;0.0;180.0;;30.0;180.0;;60.0;180.0;;60.0;180.0;;30.0;180.0;;0.0;180.0;;60.0;180.0;;30.0;180.0;;60.0;180.0;;30.0;180.0;;0.0;180.0;;60.0;210.0;;30.0;210.0;;60.0;210.0;;30.0;210.0;;0.0;210.0;;60.0;210.0;;60.0;210.0;;60.0;210.0;;30.0;210.0;;0.0;210.0;;60.0;240.0;;60.0;240.0;;60.0;240.0;;90.0;300.0;;90.0;300.0;;90.0;300.0;;90.0;300.0;;90.0;300.0;;90.0;300.0;;90.0;300.0;;90.0;300.0;;90.0;300.0;;90.0;300.0;;90.0;300.0;;90.0;300.0;;90.0;300.0;;90.0;300.0;;90.0;300.0;;180.0;300.0;;180.0;300.0;;180.0;300.0;;180.0;300.0;;180.0;300.0;;180.0;300.0;;180.0;300.0;;180.0;300.0;;180.0;300.0;;180.0;300.0;;180.0;360.0;;180.0;360.0;;180.0;360.0;;180.0;360.0;;180.0;360.0;;180.0;360.0;;180.0;360.0;;180.0;360.0;;120.0;390.0;E;90.0;390.0;;120.0;390.0;E;180.0;390.0;A;210.0;390.0;N;120.0;390.0;E;90.0;390.0;;120.0;390.0;E;180.0;390.0;A;210.0;390.0;N;240.0;390.0;O;270.0;390.0;B;300.0;390.0;E;0;
Bot Easy;60.0;270.0;;0.0;270.0;;0.0;270.0;;0.0;270.0;;0.0;300.0;;0.0;300.0;;0.0;300.0;;30.0;390.0;;30.0;390.0;;30.0;390.0;;90.0;390.0;;90.0;390.0;;120.0;150.0;I;150.0;150.0;M;0;
Bot Medium;0.0;270.0;;0.0;270.0;;0.0;270.0;;0.0;270.0;;0.0;270.0;;0.0;270.0;;0.0;270.0;;0.0;270.0;;0.0;270.0;;0.0;270.0;;0.0;270.0;;0.0;300.0;;0.0;300.0;;0.0;300.0;;0.0;300.0;;0.0;300.0;;0.0;300.0;;0.0;300.0;;0.0;300.0;;0.0;300.0;;0.0;300.0;;0.0;300.0;;30.0;390.0;;30.0;390.0;;0.0;390.0;;30.0;390.0;;90.0;390.0;;90.0;390.0;;90.0;390.0;;60.0;180.0;;30.0;180.0;;60.0;180.0;;30.0;180.0;;60.0;180.0;;30.0;180.0;;0.0;180.0;;60.0;180.0;;30.0;180.0;;60.0;180.0;;30.0;180.0;;60.0;210.0;;30.0;210.0;;0.0;210.0;;30.0;210.0;;120.0;210.0;;120.0;210.0;;120.0;210.0;;60.0;210.0;;60.0;210.0;;60.0;210.0;;30.0;210.0;;0.0;210.0;;60.0;240.0;;60.0;240.0;;60.0;240.0;;60.0;240.0;;60.0;240.0;;60.0;240.0;;60.0;240.0;;60.0;240.0;;60.0;240.0;;60.0;240.0;;60.0;240.0;;60.0;240.0;;90.0;300.0;;90.0;300.0;;90.0;300.0;;90.0;300.0;;90.0;300.0;;90.0;300.0;;120.0;120.0;G;120.0;90.0;N;120.0;60.0;O;120.0;120.0;G;120.0;90.0;N;120.0;120.0;G;120.0;90.0;N;120.0;60.0;O;120.0;120.0;G;120.0;90.0;N;120.0;60.0;O;120.0;30.0;W;120.0;120.0;G;120.0;90.0;N;120.0;60.0;O;120.0;30.0;W;120.0;120.0;G;120.0;90.0;N;120.0;120.0;G;120.0;90.0;N;120.0;60.0;O;120.0;120.0;G;120.0;120.0;G;120.0;120.0;G;120.0;90.0;N;120.0;60.0;O;120.0;120.0;G;120.0;90.0;N;120.0;120.0;G;120.0;90.0;N;120.0;60.0;O;120.0;120.0;G;120.0;90.0;N;120.0;60.0;O;120.0;120.0;G;120.0;90.0;N;120.0;60.0;O;120.0;30.0;W;120.0;120.0;G;120.0;90.0;N;120.0;120.0;G;120.0;90.0;N;120.0;120.0;G;120.0;90.0;N;120.0;60.0;O;120.0;30.0;W;120.0;120.0;G;120.0;90.0;N;120.0;120.0;G;120.0;90.0;N;120.0;60.0;O;120.0;120.0;G;120.0;90.0;N;120.0;60.0;O;120.0;120.0;G;120.0;120.0;G;120.0;120.0;G;120.0;90.0;N;120.0;60.0;O;120.0;30.0;W;0;
Bot Easy;60.0;270.0;;60.0;270.0;;60.0;270.0;;0.0;270.0;;0.0;270.0;;0.0;270.0;;0.0;270.0;;0.0;300.0;;0.0;300.0;;0.0;300.0;;0.0;300.0;;0.0;300.0;;0.0;300.0;;0.0;300.0;;0.0;300.0;;0.0;300.0;;0.0;300.0;;30.0;390.0;M;0.0;390.0;E;10;
Bot Medium;0.0;360.0;;0.0;360.0;;0.0;360.0;;0.0;270.0;;0.0;270.0;;0.0;270.0;;0.0;300.0;;0.0;300.0;;0.0;300.0;;0.0;300.0;;0.0;300.0;;30.0;420.0;;60.0;210.0;;60.0;210.0;;30.0;210.0;;0.0;210.0;;60.0;210.0;;30.0;210.0;;0.0;210.0;;60.0;210.0;;30.0;210.0;;0.0;210.0;;60.0;210.0;;60.0;240.0;;90.0;300.0;;90.0;60.0;E;90.0;60.0;E;60.0;60.0;T;30.0;60.0;U;0.0;60.0;B;10;
Bot Easy;0.0;90.0;R;0.0;120.0;U;6;
Bot Medium;30.0;120.0;;30.0;120.0;;60.0;120.0;;30.0;120.0;;60.0;120.0;;30.0;120.0;;60.0;120.0;;0.0;420.0;;0.0;360.0;;0.0;360.0;;0.0;360.0;;0.0;360.0;;0.0;360.0;;30.0;30.0;;30.0;0.0;;30.0;30.0;;30.0;30.0;;30.0;30.0;;60.0;270.0;;0.0;270.0;;0.0;270.0;;0.0;270.0;;0.0;270.0;;0.0;270.0;;60.0;210.0;;30.0;210.0;;60.0;240.0;;150.0;90.0;;120.0;420.0;;120.0;420.0;;120.0;420.0;;180.0;420.0;;180.0;420.0;;180.0;420.0;;180.0;420.0;;180.0;420.0;;180.0;420.0;;180.0;420.0;;180.0;420.0;;240.0;270.0;;270.0;270.0;;300.0;270.0;;240.0;270.0;;270.0;270.0;;300.0;270.0;;240.0;270.0;;270.0;270.0;;300.0;270.0;;330.0;270.0;;240.0;270.0;;270.0;270.0;;300.0;270.0;;240.0;270.0;;240.0;270.0;;240.0;270.0;;240.0;270.0;;270.0;270.0;;300.0;270.0;;210.0;360.0;;240.0;360.0;;270.0;180.0;T;270.0;150.0;L;270.0;120.0;O;270.0;180.0;T;270.0;180.0;T;270.0;180.0;T;270.0;150.0;L;270.0;120.0;O;270.0;90.0;V;0;
Bot Easy;0.0;300.0;;30.0;420.0;;60.0;30.0;E;60.0;30.0;E;60.0;0.0;;60.0;30.0;E;60.0;0.0;;60.0;30.0;E;60.0;0.0;;60.0;30.0;E;60.0;90.0;I;60.0;120.0;E;14;
Bot Medium;30.0;120.0;;30.0;120.0;;30.0;120.0;;30.0;120.0;;30.0;120.0;;30.0;120.0;;0.0;360.0;;0.0;420.0;;0.0;420.0;;0.0;360.0;;0.0;360.0;;0.0;360.0;;0.0;360.0;;0.0;360.0;;0.0;360.0;;0.0;360.0;;0.0;360.0;;0.0;360.0;;0.0;360.0;;0.0;360.0;;0.0;360.0;;0.0;360.0;;0.0;360.0;;0.0;360.0;;0.0;270.0;;60.0;270.0;;60.0;270.0;;0.0;270.0;;0.0;270.0;;0.0;270.0;;0.0;270.0;;0.0;270.0;;0.0;270.0;;0.0;270.0;;0.0;270.0;;0.0;270.0;;0.0;270.0;;0.0;270.0;;0.0;270.0;;0.0;270.0;;0.0;270.0;;0.0;270.0;;0.0;300.0;;0.0;300.0;;0.0;300.0;;0.0;300.0;;0.0;300.0;;0.0;300.0;;0.0;300.0;;0.0;300.0;;0.0;300.0;;0.0;300.0;;0.0;300.0;;0.0;300.0;;0.0;300.0;;0.0;300.0;;0.0;300.0;;30.0;420.0;;30.0;420.0;;30.0;420.0;;30.0;420.0;;30.0;420.0;;30.0;420.0;;30.0;120.0;;30.0;120.0;;30.0;120.0;;30.0;120.0;;30.0;120.0;;30.0;120.0;;30.0;120.0;;30.0;120.0;;30.0;120.0;;30.0;120.0;;30.0;120.0;;30.0;120.0;;30.0;120.0;;30.0;120.0;;30.0;120.0;;30.0;120.0;;60.0;180.0;;60.0;180.0;;60.0;180.0;;30.0;180.0;;60.0;180.0;;30.0;180.0;;0.0;180.0;;60.0;180.0;;30.0;180.0;;60.0;180.0;;30.0;180.0;;60.0;210.0;;30.0;210.0;;120.0;210.0;;60.0;210.0;;30.0;210.0;;0.0;210.0;;60.0;210.0;;30.0;210.0;;0.0;210.0;;60.0;210.0;;60.0;210.0;;60.0;210.0;;60.0;210.0;;60.0;240.0;;60.0;240.0;;60.0;240.0;;60.0;240.0;;60.0;240.0;;60.0;240.0;;60.0;240.0;;60.0;240.0;;60.0;240.0;;60.0;240.0;;60.0;240.0;;60.0;240.0;;60.0;240.0;;60.0;240.0;;90.0;300.0;;90.0;300.0;;90.0;300.0;;90.0;300.0;;90.0;300.0;;90.0;300.0;;90.0;300.0;;90.0;300.0;;90.0;300.0;;90.0;300.0;;90.0;300.0;;90.0;300.0;;90.0;300.0;;90.0;300.0;;90.0;300.0;;90.0;300.0;;90.0;300.0;;90.0;300.0;;150.0;30.0;A;180.0;30.0;X;210.0;30.0;E;150.0;30.0;A;180.0;30.0;X;150.0;30.0;A;180.0;30.0;X;150.0;30.0;A;180.0;30.0;X;210.0;30.0;E;240.0;30.0;R;0;
Bot Easy;30.0;120.0;;30.0;120.0;;30.0;120.0;;30.0;120.0;;0.0;360.0;;0.0;360.0;;0.0;420.0;;0.0;270.0;;0.0;270.0;;60.0;270.0;;0.0;300.0;;0.0;300.0;;0.0;300.0;;0.0;300.0;;0.0;300.0;;0.0;300.0;;0.0;300.0;;30.0;420.0;;30.0;420.0;;30.0;420.0;;30.0;420.0;;30.0;420.0;;30.0;420.0;;30.0;120.0;;30.0;120.0;;60.0;180.0;A;60.0;180.0;A;30.0;180.0;U;60.0;180.0;A;30.0;180.0;U;0.0;180.0;Q;15;
Bot Medium;30.0;120.0;;30.0;120.0;;30.0;120.0;;30.0;120.0;;30.0;120.0;;30.0;120.0;;30.0;120.0;;30.0;120.0;;30.0;120.0;;30.0;120.0;;30.0;120.0;;30.0;120.0;;30.0;120.0;;30.0;120.0;;30.0;120.0;;30.0;120.0;;30.0;120.0;;30.0;120.0;;30.0;120.0;;30.0;120.0;;30.0;120.0;;30.0;120.0;;30.0;120.0;;30.0;120.0;;30.0;120.0;;30.0;120.0;;0.0;360.0;;0.0;360.0;;0.0;360.0;;0.0;360.0;;0.0;360.0;;0.0;360.0;;0.0;360.0;;0.0;360.0;;0.0;420.0;;0.0;360.0;;0.0;360.0;;0.0;360.0;;0.0;360.0;;0.0;360.0;;0.0;360.0;;0.0;360.0;;0.0;360.0;;0.0;360.0;;0.0;360.0;;0.0;360.0;;0.0;360.0;;0.0;360.0;;0.0;360.0;;0.0;360.0;;0.0;360.0;;0.0;360.0;;0.0;360.0;;0.0;360.0;;0.0;360.0;;0.0;360.0;;0.0;360.0;;0.0;360.0;;0.0;360.0;;0.0;360.0;;0.0;360.0;;0.0;360.0;;0.0;360.0;;0.0;360.0;;0.0;360.0;;0.0;360.0;;0.0;360.0;;0.0;360.0;;0.0;360.0;;0.0;360.0;;0.0;360.0;;0.0;360.0;;0.0;360.0;;0.0;360.0;;0.0;360.0;;0.0;360.0;;0.0;360.0;;0.0;360.0;;0.0;360.0;;0.0;360.0;;0.0;360.0;;0.0;360.0;;0.0;360.0;;0.0;360.0;;0.0;360.0;;0.0;360.0;;0.0;360.0;;0.0;360.0;;0.0;360.0;;0.0;360.0;;0.0;360.0;;0.0;360.0;;0.0;360.0;;0.0;360.0;;0.0;360.0;;0.0;360.0;;0.0;360.0;;0.0;360.0;;0.0;360.0;;0.0;360.0;;0.0;360.0;;0.0;360.0;;0.0;360.0;;0.0;360.0;;0.0;360.0;;0.0;360.0;;0.0;360.0;;0.0;360.0;;0.0;360.0;;0.0;360.0;;0.0;360.0;;0.0;360.0;;0.0;360.0;;0.0;360.0;;0.0;360.0;;0.0;360.0;;0.0;360.0;;0.0;360.0;;0.0;360.0;;0.0;360.0;;0.0;360.0;;0.0;360.0;;0.0;360.0;;0.0;360.0;;0.0;360.0;;0.0;360.0;;0.0;360.0;;0.0;360.0;;0.0;360.0;;0.0;360.0;;0.0;360.0;;0.0;360.0;;0.0;360.0;;0.0;360.0;;0.0;360.0;;0.0;360.0;;0.0;360.0;;0.0;360.0;;0.0;360.0;;0.0;360.0;;0.0;360.0;;0.0;360.0;;0.0;360.0;;0.0;360.0;;0.0;360.0;;0.0;360.0;;0.0;360.0;;0.0;360.0;;0.0;360.0;;0.0;360.0;;0.0;360.0;;0.0;360.0;;0.0;360.0;;0.0;360.0;;0.0;360.0;;30.0;150.0;;30.0;150.0;;30.0;150.0;;30.0;150.0;;30.0;150.0;;30.0;150.0;;30.0;150.0;;30.0;150.0;;30.0;150.0;;30.0;150.0;;30.0;150.0;;30.0;150.0;;30.0;150.0;;30.0;150.0;;30.0;150.0;;30.0;150.0;;30.0;150.0;;30.0;150.0;;30.0;150.0;;30.0;150.0;;30.0;150.0;;30.0;150.0;;30.0;150.0;;30.0;150.0;;30.0;150.0;;30.0;150.0;;0.0;270.0;;0.0;270.0;;0.0;270.0;;0.0;270.0;;0.0;270.0;;0.0;270.0;;0.0;270.0;;0.0;270.0;;60.0;270.0;;0.0;270.0;;0.0;270.0;;0.0;270.0;;0.0;270.0;;0.0;270.0;;0.0;270.0;;0.0;270.0;;0.0;270.0;;0.0;270.0;;0.0;270.0;;0.0;270.0;;0.0;270.0;;0.0;270.0;;0.0;270.0;;0.0;270.0;;0.0;270.0;;0.0;270.0;;0.0;270.0;;0.0;270.0;;0.0;270.0;;0.0;270.0;;0.0;270.0;;0.0;270.0;;0.0;270.0;;0.0;270.0;;0.0;270.0;;0.0;270.0;;0.0;270.0;;0.0;270.0;;0.0;270.0;;0.0;270.0;;0.0;270.0;;0.0;270.0;;0.0;270.0;;0.0;270.0;;0.0;270.0;;0.0;270.0;;0.0;270.0;;0.0;270.0;;0.0;270.0;;0.0;270.0;;0.0;270.0;;0.0;270.0;;0.0;270.0;;0.0;270.0;;0.0;270.0;;0.0;270.0;;0.0;270.0;;0.0;270.0;;0.0;270.0;;0.0;270.0;;0.0;270.0;;0.0;270.0;;0.0;270.0;;0.0;270.0;;0.0;270.0;;0.0;270.0;;0.0;270.0;;0.0;270.0;;0.0;270.0;;0.0;270.0;;0.0;270.0;;0.0;270.0;;0.0;270.0;;0.0;270.0;;0.0;270.0;;0.0;270.0;;0.0;270.0;;0.0;270.0;;0.0;270.0;;0.0;270.0;;0.0;270.0;;0.0;270.0;;0.0;270.0;;0.0;270.0;;0.0;270.0;;0.0;270.0;;0.0;270.0;;0.0;270.0;;0.0;270.0;;0.0;270.0;;0.0;270.0;;0.0;270.0;;0.0;270.0;;0.0;270.0;;0.0;270.0;;0.0;270.0;;0.0;270.0;;0.0;270.0;;0.0;270.0;;0.0;270.0;;0.0;270.0;;0.0;270.0;;0.0;270.0;;0.0;270.0;;0.0;270.0;;0.0;270.0;;0.0;270.0;;0.0;270.0;;0.0;270.0;;0.0;270.0;;0.0;270.0;;0.0;270.0;;0.0;270.0;;0.0;270.0;;0.0;270.0;;0.0;270.0;;0.0;270.0;;0.0;270.0;;0.0;270.0;;0.0;270.0;;0.0;270.0;;0.0;270.0;;0.0;270.0;;0.0;270.0;;0.0;270.0;;0.0;270.0;;0.0;270.0;;0.0;270.0;;0.0;270.0;;0.0;300.0;;0.0;300.0;;0.0;300.0;;0.0;300.0;;0.0;300.0;;0.0;300.0;;0.0;300.0;;0.0;300.0;;0.0;300.0;;0.0;300.0;;0.0;300.0;;30.0;420.0;;30.0;420.0;;30.0;420.0;;30.0;420.0;;30.0;420.0;;30.0;420.0;;30.0;420.0;;30.0;420.0;;30.0;420.0;;30.0;420.0;;30.0;420.0;;30.0;420.0;;30.0;420.0;;30.0;420.0;;30.0;420.0;;30.0;420.0;;30.0;420.0;;30.0;120.0;;30.0;120.0;;30.0;120.0;;30.0;120.0;;30.0;120.0;;30.0;120.0;;30.0;120.0;;30.0;120.0;;30.0;120.0;;30.0;120.0;;30.0;120.0;;30.0;120.0;;30.0;120.0;;30.0;120.0;;30.0;120.0;;30.0;120.0;;30.0;120.0;;30.0;120.0;;30.0;120.0;;30.0;120.0;;30.0;120.0;;30.0;120.0;;30.0;120.0;;30.0;120.0;;30.0;120.0;;30.0;120.0;;30.0;120.0;;30.0;120.0;;30.0;120.0;;30.0;120.0;;30.0;120.0;;30.0;120.0;;30.0;120.0;;30.0;120.0;;30.0;120.0;;30.0;120.0;;30.0;120.0;;30.0;120.0;;30.0;120.0;;30.0;120.0;;30.0;120.0;;30.0;120.0;;30.0;120.0;;30.0;120.0;;30.0;120.0;;30.0;120.0;;30.0;120.0;;30.0;120.0;;30.0;120.0;;30.0;120.0;;30.0;120.0;;30.0;120.0;;30.0;120.0;;30.0;120.0;;30.0;120.0;;30.0;120.0;;30.0;120.0;;30.0;120.0;;30.0;120.0;;30.0;120.0;;30.0;120.0;;30.0;120.0;;30.0;120.0;;30.0;120.0;;30.0;120.0;;30.0;120.0;;30.0;120.0;;30.0;120.0;;30.0;120.0;;30.0;120.0;;30.0;120.0;;30.0;120.0;;30.0;120.0;;30.0;120.0;;30.0;120.0;;30.0;120.0;;30.0;120.0;;30.0;120.0;;30.0;120.0;;30.0;120.0;;30.0;120.0;;30.0;120.0;;30.0;120.0;;30.0;120.0;;30.0;120.0;;30.0;120.0;;30.0;120.0;;30.0;120.0;;30.0;120.0;;30.0;120.0;;30.0;120.0;;30.0;120.0;;30.0;120.0;;30.0;120.0;;30.0;120.0;;30.0;120.0;;30.0;120.0;;30.0;120.0;;30.0;120.0;;30.0;120.0;;30.0;120.0;;30.0;120.0;;30.0;120.0;;30.0;120.0;;30.0;120.0;;30.0;120.0;;30.0;120.0;;30.0;120.0;;30.0;120.0;;30.0;120.0;;30.0;120.0;;30.0;120.0;;30.0;120.0;;30.0;120.0;;30.0;120.0;;30.0;120.0;;30.0;120.0;;30.0;120.0;;30.0;120.0;;30.0;120.0;;30.0;120.0;;30.0;120.0;;30.0;120.0;;30.0;120.0;;30.0;120.0;;30.0;120.0;;30.0;120.0;;30.0;120.0;;120.0;210.0;;120.0;210.0;;120.0;210.0;;120.0;210.0;;120.0;210.0;;120.0;210.0;;120.0;210.0;;120.0;210.0;;120.0;210.0;;120.0;210.0;;120.0;210.0;;120.0;210.0;;120.0;210.0;;120.0;210.0;;120.0;210.0;;120.0;210.0;;120.0;210.0;;120.0;210.0;;120.0;210.0;;120.0;210.0;;120.0;210.0;;120.0;210.0;;120.0;210.0;;120.0;210.0;;120.0;210.0;;120.0;210.0;;120.0;210.0;;120.0;210.0;;120.0;210.0;;120.0;210.0;;120.0;210.0;;120.0;210.0;;120.0;210.0;;120.0;210.0;;120.0;210.0;;120.0;210.0;;120.0;210.0;;120.0;210.0;;120.0;210.0;;120.0;210.0;;120.0;210.0;;120.0;210.0;;120.0;210.0;;120.0;210.0;;120.0;210.0;;120.0;210.0;;120.0;210.0;;120.0;210.0;;120.0;210.0;;60.0;240.0;;60.0;240.0;;60.0;240.0;;60.0;240.0;;60.0;240.0;;60.0;240.0;;60.0;240.0;;60.0;240.0;;60.0;240.0;;60.0;240.0;;60.0;240.0;;60.0;240.0;;60.0;240.0;;60.0;240.0;;60.0;240.0;;60.0;240.0;;60.0;240.0;;60.0;240.0;;60.0;240.0;;60.0;240.0;;60.0;240.0;;60.0;240.0;;60.0;240.0;;60.0;240.0;;60.0;240.0;;60.0;240.0;;60.0;240.0;;60.0;240.0;;60.0;240.0;;60.0;240.0;;60.0;240.0;;60.0;240.0;;60.0;240.0;;60.0;240.0;;60.0;240.0;;90.0;300.0;;90.0;300.0;;90.0;300.0;;90.0;300.0;;90.0;300.0;;90.0;300.0;;90.0;300.0;;90.0;300.0;;90.0;300.0;;90.0;300.0;;90.0;300.0;;90.0;300.0;;90.0;300.0;;90.0;300.0;;90.0;300.0;;90.0;300.0;;90.0;300.0;;150.0;90.0;;180.0;90.0;;210.0;90.0;R;150.0;90.0;;180.0;90.0;;150.0;90.0;;180.0;90.0;;210.0;90.0;R;150.0;90.0;;180.0;90.0;;210.0;90.0;R;150.0;90.0;;180.0;90.0;;210.0;90.0;R;150.0;90.0;;150.0;90.0;;150.0;90.0;;180.0;90.0;;150.0;90.0;;180.0;90.0;;150.0;90.0;;180.0;90.0;;150.0;90.0;;150.0;90.0;;150.0;90.0;;180.0;90.0;;150.0;90.0;;150.0;90.0;;180.0;90.0;;150.0;90.0;;150.0;90.0;;150.0;90.0;;150.0;90.0;;150.0;90.0;;150.0;90.0;;150.0;90.0;;180.0;90.0;;150.0;90.0;;150.0;90.0;;150.0;90.0;;150.0;90.0;;180.0;90.0;;150.0;90.0;;180.0;90.0;;150.0;90.0;;180.0;90.0;;150.0;90.0;;150.0;90.0;;150.0;90.0;;180.0;90.0;;120.0;420.0;;120.0;420.0;;120.0;420.0;;120.0;420.0;;120.0;420.0;;120.0;420.0;;120.0;420.0;;120.0;420.0;;120.0;420.0;;120.0;420.0;;120.0;420.0;;120.0;420.0;;120.0;420.0;;120.0;420.0;;120.0;420.0;;120.0;420.0;;120.0;420.0;;120.0;420.0;;120.0;420.0;;120.0;420.0;;120.0;420.0;;120.0;420.0;;120.0;420.0;;120.0;420.0;;120.0;420.0;;120.0;420.0;;120.0;420.0;;120.0;420.0;;120.0;420.0;;120.0;420.0;;120.0;420.0;;120.0;420.0;;120.0;420.0;;120.0;420.0;;120.0;420.0;;120.0;420.0;;120.0;420.0;;120.0;420.0;;120.0;420.0;;120.0;420.0;;120.0;420.0;;120.0;420.0;;120.0;420.0;;120.0;420.0;;120.0;420.0;;120.0;420.0;;120.0;420.0;;120.0;420.0;;120.0;420.0;;120.0;420.0;;120.0;420.0;;120.0;420.0;;120.0;420.0;;120.0;420.0;;120.0;420.0;;120.0;420.0;;120.0;420.0;;120.0;420.0;;120.0;420.0;;120.0;420.0;;120.0;420.0;;120.0;420.0;;120.0;420.0;;120.0;420.0;;120.0;420.0;;120.0;420.0;;120.0;420.0;;120.0;420.0;;120.0;420.0;;120.0;420.0;;120.0;420.0;;120.0;420.0;;120.0;420.0;;120.0;420.0;;120.0;420.0;;120.0;420.0;;120.0;420.0;;120.0;420.0;;120.0;420.0;;120.0;420.0;;120.0;420.0;;120.0;420.0;;120.0;420.0;;120.0;420.0;;120.0;420.0;;120.0;420.0;;120.0;420.0;;120.0;420.0;;120.0;420.0;;120.0;420.0;;120.0;420.0;;120.0;420.0;;120.0;420.0;;120.0;420.0;;120.0;420.0;;120.0;420.0;;120.0;420.0;;120.0;420.0;;120.0;420.0;;120.0;420.0;;120.0;420.0;;120.0;420.0;;120.0;420.0;;120.0;420.0;;120.0;420.0;;120.0;420.0;;150.0;0.0;;150.0;0.0;;150.0;0.0;;150.0;0.0;;150.0;0.0;;150.0;0.0;;150.0;0.0;;150.0;0.0;;150.0;0.0;;150.0;0.0;;150.0;0.0;;150.0;0.0;;150.0;0.0;;150.0;0.0;;150.0;0.0;;150.0;0.0;;150.0;0.0;;150.0;0.0;;150.0;0.0;;150.0;0.0;;150.0;0.0;;150.0;0.0;;150.0;0.0;;150.0;0.0;;150.0;0.0;;150.0;0.0;;150.0;0.0;;150.0;0.0;;150.0;0.0;;150.0;0.0;;150.0;0.0;;150.0;0.0;;150.0;0.0;;150.0;180.0;;150.0;210.0;;150.0;180.0;;150.0;180.0;;150.0;210.0;;150.0;180.0;;150.0;180.0;;150.0;210.0;;150.0;180.0;;150.0;210.0;;150.0;180.0;;150.0;180.0;;150.0;210.0;;150.0;180.0;;150.0;210.0;;150.0;180.0;;150.0;180.0;;150.0;180.0;;150.0;180.0;;150.0;210.0;;150.0;180.0;;150.0;180.0;;150.0;210.0;;150.0;180.0;;150.0;180.0;;180.0;180.0;;180.0;300.0;;180.0;300.0;;180.0;300.0;;180.0;300.0;;180.0;300.0;;180.0;300.0;;180.0;300.0;;180.0;300.0;;180.0;300.0;;180.0;300.0;;180.0;300.0;;180.0;300.0;;180.0;300.0;;180.0;300.0;;180.0;420.0;;180.0;420.0;;180.0;420.0;;180.0;420.0;;180.0;420.0;;180.0;420.0;;180.0;420.0;;180.0;420.0;;180.0;420.0;;180.0;420.0;;180.0;420.0;;180.0;420.0;;180.0;420.0;;180.0;420.0;;180.0;420.0;;180.0;420.0;;180.0;420.0;;180.0;420.0;;180.0;420.0;;180.0;420.0;;180.0;420.0;;180.0;420.0;;180.0;420.0;;180.0;420.0;;180.0;420.0;;180.0;420.0;;180.0;420.0;;180.0;420.0;;180.0;420.0;;180.0;420.0;;180.0;420.0;;180.0;420.0;;180.0;420.0;;180.0;420.0;;180.0;420.0;;180.0;420.0;;180.0;420.0;;180.0;420.0;;180.0;420.0;;210.0;0.0;;210.0;0.0;;210.0;0.0;;210.0;0.0;;210.0;0.0;;210.0;0.0;;210.0;0.0;;210.0;0.0;;210.0;60.0;A;210.0;90.0;R;210.0;120.0;S;210.0;150.0;T;0;
Bot Easy;30.0;120.0;;30.0;120.0;;30.0;120.0;;30.0;120.0;;30.0;120.0;;30.0;120.0;;30.0;120.0;;30.0;120.0;;30.0;120.0;;30.0;120.0;;30.0;120.0;;0.0;360.0;;0.0;360.0;;0.0;360.0;;0.0;360.0;;0.0;360.0;;0.0;420.0;;0.0;420.0;;0.0;420.0;;0.0;420.0;;0.0;420.0;;0.0;420.0;;0.0;420.0;;0.0;360.0;;0.0;360.0;;0.0;360.0;;0.0;360.0;;0.0;360.0;;0.0;360.0;;0.0;360.0;;0.0;360.0;;0.0;360.0;;0.0;360.0;;0.0;360.0;;0.0;360.0;;0.0;360.0;;0.0;360.0;;0.0;360.0;;0.0;360.0;;0.0;360.0;;0.0;360.0;;0.0;360.0;;0.0;360.0;;30.0;150.0;;30.0;150.0;;30.0;150.0;;30.0;150.0;;30.0;150.0;;30.0;150.0;;30.0;210.0;R;30.0;240.0;E;30.0;210.0;R;30.0;240.0;E;15;
Bot Medium;30.0;120.0;;30.0;120.0;;30.0;120.0;;30.0;120.0;;0.0;360.0;;0.0;360.0;;0.0;360.0;;0.0;360.0;;0.0;360.0;;0.0;360.0;;0.0;360.0;;0.0;360.0;;0.0;360.0;;0.0;360.0;;0.0;360.0;;0.0;360.0;;0.0;360.0;;0.0;360.0;;0.0;360.0;;0.0;360.0;;0.0;360.0;;0.0;360.0;;0.0;360.0;;0.0;240.0;;0.0;240.0;;0.0;240.0;;0.0;240.0;;0.0;240.0;;0.0;240.0;;0.0;240.0;;0.0;240.0;;0.0;240.0;;0.0;240.0;;0.0;240.0;;0.0;240.0;;0.0;240.0;;0.0;240.0;;0.0;240.0;;0.0;240.0;;0.0;240.0;;0.0;240.0;;0.0;240.0;;0.0;270.0;;0.0;270.0;;0.0;270.0;;0.0;270.0;;0.0;270.0;;0.0;270.0;;0.0;270.0;;0.0;270.0;;0.0;270.0;;0.0;270.0;;0.0;270.0;;0.0;270.0;;0.0;270.0;;0.0;270.0;;0.0;270.0;;0.0;270.0;;0.0;270.0;;0.0;270.0;;0.0;270.0;;0.0;300.0;;0.0;300.0;;0.0;300.0;;30.0;120.0;;30.0;120.0;;30.0;120.0;;30.0;120.0;;30.0;120.0;;30.0;120.0;;30.0;120.0;;30.0;120.0;;30.0;120.0;;30.0;120.0;;30.0;120.0;;30.0;120.0;;30.0;120.0;;30.0;120.0;;30.0;120.0;;30.0;120.0;;30.0;120.0;;30.0;120.0;;30.0;120.0;;120.0;210.0;;120.0;210.0;;120.0;210.0;;120.0;210.0;;60.0;240.0;;60.0;240.0;;60.0;240.0;;60.0;240.0;;60.0;240.0;;60.0;240.0;;60.0;240.0;;90.0;300.0;;90.0;300.0;;150.0;90.0;;150.0;90.0;;180.0;90.0;;150.0;90.0;;180.0;90.0;;150.0;90.0;;150.0;90.0;;150.0;90.0;;150.0;90.0;;120.0;420.0;;120.0;420.0;;120.0;420.0;;120.0;420.0;;120.0;420.0;;120.0;420.0;;120.0;420.0;;120.0;420.0;;120.0;420.0;;120.0;420.0;;120.0;420.0;;120.0;420.0;;120.0;420.0;;120.0;420.0;;120.0;420.0;;120.0;420.0;;120.0;420.0;;150.0;0.0;;150.0;0.0;;150.0;0.0;;150.0;0.0;;180.0;300.0;;180.0;300.0;;180.0;300.0;;180.0;300.0;;180.0;300.0;;180.0;420.0;;180.0;420.0;;180.0;420.0;;180.0;420.0;;180.0;420.0;;180.0;420.0;;180.0;90.0;;150.0;90.0;;180.0;90.0;;150.0;90.0;;180.0;90.0;;240.0;90.0;;180.0;90.0;;180.0;90.0;;180.0;90.0;;150.0;90.0;;180.0;90.0;;150.0;90.0;;240.0;90.0;;180.0;90.0;;150.0;90.0;;180.0;120.0;;180.0;120.0;;180.0;120.0;;180.0;120.0;;180.0;120.0;;240.0;120.0;;240.0;120.0;;240.0;120.0;;240.0;120.0;;180.0;120.0;;180.0;120.0;;180.0;150.0;;180.0;150.0;;240.0;150.0;;240.0;270.0;D;270.0;270.0;O;300.0;270.0;P;330.0;270.0;T;0;
Bot Easy;30.0;120.0;;30.0;120.0;;30.0;120.0;;30.0;120.0;;0.0;360.0;;0.0;360.0;;0.0;360.0;;0.0;420.0;;0.0;420.0;;0.0;420.0;;0.0;360.0;;0.0;360.0;;0.0;360.0;;0.0;360.0;;0.0;360.0;;0.0;360.0;;0.0;360.0;;0.0;360.0;;0.0;360.0;;0.0;360.0;;0.0;360.0;;0.0;360.0;;0.0;360.0;;0.0;360.0;;0.0;360.0;;0.0;360.0;;0.0;360.0;;0.0;360.0;;0.0;360.0;;0.0;240.0;;0.0;240.0;;0.0;240.0;;60.0;240.0;;60.0;240.0;;60.0;240.0;;0.0;240.0;;0.0;240.0;;0.0;240.0;;0.0;240.0;;0.0;240.0;;0.0;240.0;;0.0;240.0;;0.0;240.0;;0.0;240.0;;0.0;240.0;;0.0;240.0;;0.0;240.0;;0.0;240.0;;0.0;240.0;;0.0;240.0;;0.0;240.0;;0.0;240.0;;0.0;240.0;;0.0;240.0;;0.0;270.0;;0.0;270.0;;0.0;270.0;;60.0;270.0;;60.0;270.0;;60.0;270.0;;0.0;270.0;;0.0;270.0;;0.0;270.0;;0.0;270.0;;0.0;270.0;;0.0;270.0;;0.0;270.0;;0.0;270.0;;0.0;270.0;;0.0;270.0;;0.0;270.0;;0.0;270.0;;0.0;270.0;;0.0;270.0;;0.0;270.0;;0.0;270.0;;0.0;270.0;;0.0;270.0;;0.0;270.0;;0.0;300.0;;0.0;300.0;;0.0;300.0;;0.0;300.0;;0.0;300.0;;0.0;300.0;;0.0;300.0;;0.0;300.0;;0.0;300.0;;0.0;300.0;;0.0;300.0;;0.0;300.0;;0.0;300.0;;0.0;300.0;;0.0;300.0;;0.0;300.0;;0.0;300.0;;0.0;300.0;;0.0;300.0;;0.0;300.0;;0.0;300.0;;0.0;300.0;;0.0;300.0;;0.0;300.0;;0.0;300.0;;0.0;300.0;;0.0;300.0;;0.0;300.0;;0.0;300.0;;0.0;300.0;;0.0;300.0;;0.0;300.0;;0.0;300.0;;30.0;420.0;;30.0;420.0;;30.0;420.0;;30.0;420.0;;30.0;420.0;;30.0;420.0;;30.0;420.0;;30.0;420.0;;30.0;420.0;;30.0;420.0;;30.0;420.0;;30.0;420.0;;30.0;420.0;;30.0;420.0;;30.0;420.0;;30.0;420.0;;30.0;420.0;;30.0;420.0;;30.0;120.0;;30.0;120.0;;30.0;120.0;;30.0;120.0;;30.0;120.0;;30.0;120.0;;30.0;120.0;;30.0;120.0;;30.0;120.0;;30.0;120.0;;30.0;120.0;;30.0;120.0;;30.0;120.0;;30.0;120.0;;30.0;120.0;;30.0;120.0;;30.0;120.0;;30.0;120.0;;30.0;120.0;;30.0;120.0;;30.0;120.0;;30.0;120.0;;120.0;210.0;;120.0;210.0;;120.0;210.0;;120.0;210.0;;120.0;210.0;;60.0;240.0;;60.0;240.0;;60.0;240.0;;60.0;240.0;;60.0;240.0;;60.0;240.0;;60.0;240.0;;60.0;240.0;;60.0;240.0;;60.0;240.0;;60.0;240.0;;60.0;240.0;;60.0;240.0;;60.0;240.0;;60.0;240.0;;60.0;240.0;;60.0;240.0;;60.0;240.0;;60.0;240.0;;60.0;240.0;;60.0;240.0;;60.0;240.0;;60.0;240.0;;60.0;240.0;;60.0;240.0;;60.0;240.0;;90.0;300.0;;90.0;300.0;;90.0;300.0;;90.0;300.0;;90.0;300.0;;90.0;300.0;;90.0;300.0;;90.0;300.0;;90.0;300.0;;90.0;300.0;;90.0;300.0;;90.0;300.0;;90.0;300.0;;90.0;300.0;;90.0;300.0;;90.0;300.0;;90.0;300.0;;90.0;300.0;;90.0;300.0;;90.0;300.0;;90.0;300.0;;90.0;300.0;;90.0;300.0;;90.0;300.0;;90.0;300.0;;90.0;300.0;;90.0;300.0;;150.0;90.0;A;150.0;90.0;A;150.0;90.0;A;180.0;90.0;S;150.0;90.0;A;180.0;90.0;S;150.0;90.0;A;150.0;90.0;A;150.0;90.0;A;150.0;90.0;A;180.0;90.0;S;150.0;90.0;A;180.0;90.0;S;2;
Bot Easy;30.0;120.0;;30.0;120.0;;0.0;420.0;;0.0;360.0;;0.0;360.0;;0.0;360.0;;0.0;360.0;;0.0;360.0;;60.0;240.0;;0.0;240.0;;0.0;240.0;;0.0;240.0;;0.0;240.0;;0.0;240.0;;60.0;270.0;;0.0;270.0;;0.0;270.0;;0.0;270.0;;0.0;270.0;;0.0;270.0;;0.0;300.0;;0.0;300.0;;0.0;300.0;;0.0;300.0;;0.0;300.0;;0.0;300.0;;0.0;300.0;;0.0;300.0;;0.0;300.0;;0.0;300.0;;30.0;420.0;;30.0;420.0;;30.0;420.0;;30.0;420.0;;30.0;420.0;;30.0;420.0;;30.0;420.0;;30.0;420.0;;30.0;420.0;;30.0;120.0;;30.0;120.0;;30.0;120.0;;30.0;120.0;;30.0;120.0;;120.0;210.0;;120.0;210.0;;120.0;210.0;;60.0;240.0;;60.0;240.0;;60.0;240.0;;60.0;240.0;;60.0;240.0;;60.0;240.0;;60.0;240.0;;60.0;240.0;;90.0;300.0;;90.0;300.0;;90.0;300.0;;90.0;300.0;;90.0;300.0;;90.0;300.0;;120.0;420.0;;150.0;0.0;;150.0;0.0;;150.0;0.0;;150.0;0.0;;150.0;0.0;;150.0;180.0;O;150.0;180.0;O;150.0;210.0;O;150.0;180.0;O;150.0;210.0;O;0;
Bot Easy;30.0;120.0;;30.0;120.0;;30.0;120.0;;30.0;120.0;;0.0;360.0;;0.0;360.0;;0.0;360.0;;0.0;360.0;;0.0;360.0;;0.0;420.0;;0.0;420.0;;0.0;420.0;;0.0;360.0;;0.0;360.0;;0.0;360.0;;0.0;360.0;;0.0;360.0;;0.0;360.0;;0.0;360.0;;0.0;360.0;;0.0;360.0;;0.0;240.0;;0.0;240.0;;0.0;240.0;;0.0;240.0;;0.0;240.0;;60.0;240.0;;60.0;240.0;;60.0;240.0;;0.0;240.0;;0.0;240.0;;0.0;240.0;;0.0;240.0;;0.0;240.0;;0.0;240.0;;0.0;240.0;;0.0;240.0;;0.0;240.0;;0.0;270.0;;0.0;270.0;;0.0;270.0;;0.0;270.0;;0.0;270.0;;60.0;270.0;;60.0;270.0;;60.0;270.0;;0.0;270.0;;0.0;270.0;;0.0;270.0;;0.0;270.0;;0.0;270.0;;0.0;270.0;;0.0;270.0;;0.0;270.0;;0.0;270.0;;0.0;300.0;;0.0;300.0;;0.0;300.0;;0.0;300.0;;0.0;300.0;;0.0;300.0;;0.0;300.0;;0.0;300.0;;0.0;300.0;;0.0;300.0;;30.0;420.0;;30.0;420.0;;30.0;420.0;;30.0;420.0;;30.0;420.0;;30.0;420.0;;30.0;420.0;;30.0;420.0;;30.0;120.0;;30.0;120.0;;30.0;120.0;;30.0;120.0;;30.0;120.0;;30.0;120.0;;30.0;120.0;;30.0;120.0;;30.0;120.0;;30.0;120.0;;30.0;120.0;;30.0;120.0;;30.0;120.0;;30.0;120.0;;120.0;210.0;;120.0;210.0;;120.0;210.0;;120.0;210.0;;120.0;210.0;;120.0;210.0;;60.0;240.0;;60.0;240.0;;60.0;240.0;;60.0;240.0;;60.0;240.0;;60.0;240.0;;60.0;240.0;;60.0;240.0;;60.0;240.0;;60.0;240.0;;60.0;240.0;;60.0;240.0;;60.0;240.0;;90.0;300.0;;90.0;300.0;;90.0;300.0;;90.0;300.0;;90.0;300.0;;90.0;300.0;;90.0;300.0;;90.0;300.0;;90.0;300.0;;90.0;300.0;;90.0;300.0;;120.0;420.0;;120.0;420.0;;120.0;420.0;;120.0;420.0;;120.0;420.0;;150.0;0.0;;150.0;0.0;;150.0;0.0;;150.0;0.0;;150.0;0.0;;150.0;0.0;;150.0;0.0;;150.0;0.0;;150.0;0.0;;150.0;0.0;;150.0;0.0;;150.0;0.0;;150.0;0.0;;150.0;0.0;;180.0;180.0;;180.0;180.0;;180.0;180.0;;180.0;180.0;;180.0;180.0;;180.0;180.0;;120.0;210.0;;120.0;210.0;;120.0;210.0;;120.0;210.0;;120.0;210.0;;120.0;210.0;;180.0;300.0;;180.0;300.0;;180.0;300.0;;180.0;300.0;;180.0;300.0;;180.0;300.0;;180.0;300.0;;180.0;0.0;;180.0;0.0;;180.0;0.0;;180.0;0.0;;180.0;420.0;;180.0;420.0;;180.0;420.0;;180.0;420.0;;180.0;420.0;;180.0;420.0;;180.0;420.0;;180.0;420.0;;180.0;420.0;;180.0;420.0;;240.0;120.0;;240.0;120.0;;240.0;120.0;;240.0;120.0;;240.0;120.0;;240.0;120.0;;240.0;120.0;;240.0;120.0;;240.0;120.0;;240.0;120.0;;240.0;120.0;;180.0;150.0;;180.0;150.0;;180.0;150.0;;180.0;150.0;;180.0;150.0;;180.0;150.0;;180.0;150.0;;180.0;150.0;;180.0;150.0;;180.0;150.0;;180.0;150.0;;240.0;150.0;;240.0;150.0;;240.0;150.0;;240.0;150.0;;240.0;150.0;;240.0;150.0;;240.0;150.0;;180.0;300.0;;180.0;300.0;;180.0;300.0;;180.0;300.0;;180.0;300.0;;180.0;300.0;;180.0;300.0;;180.0;330.0;;180.0;330.0;;180.0;330.0;;180.0;330.0;;180.0;330.0;;180.0;330.0;;240.0;330.0;I;270.0;330.0;P;0;
Bot Easy;30.0;120.0;;30.0;120.0;;0.0;360.0;;0.0;360.0;;0.0;360.0;;0.0;360.0;;0.0;420.0;;0.0;420.0;;0.0;420.0;;0.0;420.0;;0.0;360.0;;0.0;360.0;;0.0;360.0;;0.0;360.0;;0.0;360.0;;0.0;360.0;;0.0;240.0;;0.0;240.0;;0.0;240.0;;0.0;240.0;;60.0;240.0;;60.0;240.0;;60.0;240.0;;60.0;240.0;;0.0;240.0;;0.0;240.0;;0.0;240.0;;0.0;240.0;;0.0;240.0;;0.0;240.0;;0.0;270.0;;0.0;270.0;;0.0;270.0;;0.0;270.0;;60.0;270.0;;60.0;270.0;;60.0;270.0;;60.0;270.0;;0.0;270.0;;0.0;270.0;;0.0;270.0;;0.0;270.0;;0.0;270.0;;0.0;270.0;;0.0;300.0;;0.0;300.0;;0.0;300.0;;0.0;300.0;;0.0;300.0;;0.0;300.0;;0.0;300.0;;0.0;300.0;;0.0;300.0;;0.0;300.0;;0.0;300.0;;0.0;300.0;;0.0;300.0;;0.0;300.0;;0.0;300.0;;0.0;300.0;;0.0;300.0;;0.0;300.0;;0.0;300.0;;0.0;300.0;;0.0;300.0;;0.0;300.0;;30.0;420.0;;30.0;420.0;;30.0;420.0;;30.0;420.0;;30.0;420.0;;30.0;420.0;;30.0;420.0;;30.0;420.0;;30.0;420.0;;30.0;420.0;;30.0;120.0;;30.0;120.0;;30.0;120.0;;30.0;120.0;;30.0;120.0;;30.0;120.0;;30.0;120.0;;30.0;120.0;;30.0;120.0;;30.0;120.0;;120.0;210.0;;120.0;210.0;;120.0;210.0;;120.0;210.0;;60.0;240.0;;60.0;240.0;;60.0;240.0;;60.0;240.0;;60.0;240.0;;60.0;240.0;;60.0;240.0;;60.0;240.0;;60.0;240.0;;60.0;240.0;;60.0;240.0;;60.0;240.0;;60.0;240.0;;60.0;240.0;;60.0;240.0;;60.0;240.0;;60.0;240.0;;60.0;240.0;;60.0;240.0;;60.0;240.0;;60.0;240.0;;60.0;240.0;;60.0;240.0;;90.0;300.0;;90.0;300.0;;90.0;300.0;;90.0;300.0;;90.0;300.0;;90.0;300.0;;90.0;300.0;;90.0;300.0;;90.0;300.0;;90.0;300.0;;90.0;300.0;;90.0;300.0;;90.0;300.0;;90.0;300.0;;90.0;300.0;;120.0;420.0;;120.0;420.0;;120.0;420.0;;120.0;420.0;;120.0;420.0;;120.0;420.0;;150.0;0.0;;150.0;0.0;;150.0;0.0;;150.0;0.0;;150.0;0.0;;150.0;0.0;;150.0;0.0;;150.0;0.0;;150.0;0.0;;180.0;180.0;;180.0;180.0;;180.0;180.0;;180.0;180.0;;120.0;210.0;;120.0;210.0;;120.0;210.0;;120.0;210.0;;120.0;210.0;;120.0;210.0;;180.0;300.0;;180.0;300.0;;180.0;300.0;;180.0;300.0;;180.0;300.0;;180.0;300.0;;180.0;300.0;;180.0;300.0;;180.0;300.0;;180.0;300.0;;180.0;300.0;;180.0;300.0;;180.0;300.0;;180.0;300.0;;180.0;300.0;;180.0;300.0;;180.0;300.0;;180.0;300.0;;180.0;300.0;;180.0;300.0;;180.0;300.0;;180.0;0.0;;180.0;0.0;;180.0;0.0;;180.0;0.0;;180.0;420.0;;180.0;420.0;;180.0;420.0;;180.0;420.0;;180.0;420.0;;180.0;420.0;;180.0;420.0;;180.0;420.0;;180.0;420.0;;240.0;120.0;;240.0;120.0;;240.0;120.0;;240.0;120.0;;240.0;120.0;;240.0;120.0;;240.0;120.0;;240.0;120.0;;240.0;120.0;;240.0;120.0;;240.0;120.0;;240.0;120.0;;180.0;150.0;;180.0;150.0;;180.0;150.0;;180.0;150.0;;180.0;150.0;;180.0;150.0;;180.0;150.0;;180.0;150.0;;180.0;150.0;;180.0;150.0;;180.0;150.0;;240.0;150.0;;240.0;150.0;;240.0;150.0;;240.0;150.0;;240.0;150.0;;240.0;150.0;;180.0;150.0;;180.0;150.0;;180.0;150.0;;180.0;150.0;;180.0;300.0;;180.0;300.0;;180.0;300.0;;180.0;300.0;;180.0;300.0;;180.0;300.0;;180.0;300.0;;180.0;300.0;;180.0;300.0;;180.0;300.0;;180.0;300.0;;180.0;300.0;;180.0;300.0;;180.0;300.0;;180.0;300.0;;180.0;300.0;;180.0;300.0;;210.0;360.0;;210.0;360.0;;210.0;360.0;;210.0;360.0;;210.0;360.0;;210.0;360.0;;210.0;360.0;;210.0;360.0;;210.0;360.0;;210.0;360.0;;210.0;360.0;;210.0;360.0;;210.0;360.0;;210.0;420.0;;210.0;420.0;;210.0;420.0;;210.0;360.0;;210.0;360.0;;210.0;360.0;;210.0;360.0;;210.0;360.0;;210.0;360.0;;210.0;360.0;;210.0;360.0;;210.0;360.0;;210.0;360.0;;240.0;0.0;;240.0;0.0;;240.0;0.0;;240.0;0.0;;240.0;0.0;;240.0;0.0;;240.0;0.0;;240.0;0.0;;240.0;0.0;;240.0;0.0;;240.0;0.0;;240.0;0.0;;240.0;0.0;;240.0;0.0;;240.0;0.0;;240.0;0.0;;240.0;0.0;;240.0;360.0;;240.0;360.0;;240.0;360.0;;240.0;360.0;;240.0;360.0;;240.0;360.0;;240.0;360.0;;240.0;360.0;;240.0;360.0;;240.0;360.0;;240.0;360.0;;240.0;360.0;;240.0;90.0;;240.0;90.0;;240.0;90.0;;240.0;90.0;;300.0;90.0;I;330.0;90.0;C;360.0;90.0;E;2;
Bot Easy;30.0;120.0;;30.0;120.0;;30.0;120.0;;30.0;120.0;;30.0;120.0;;30.0;120.0;;30.0;120.0;;30.0;120.0;;30.0;120.0;;0.0;360.0;;0.0;360.0;;0.0;360.0;;0.0;360.0;;0.0;360.0;;0.0;360.0;;0.0;360.0;;0.0;360.0;;0.0;360.0;;0.0;420.0;;0.0;420.0;;0.0;420.0;;0.0;420.0;;0.0;420.0;;0.0;420.0;;0.0;420.0;;0.0;420.0;;0.0;360.0;;0.0;360.0;;0.0;360.0;;0.0;360.0;;0.0;360.0;;0.0;360.0;;0.0;360.0;;0.0;360.0;;0.0;360.0;;0.0;360.0;;0.0;360.0;;0.0;360.0;;0.0;360.0;;0.0;360.0;;0.0;360.0;;0.0;360.0;;0.0;360.0;;0.0;360.0;;0.0;360.0;;0.0;360.0;;0.0;360.0;;0.0;360.0;;0.0;240.0;;0.0;240.0;;0.0;240.0;;0.0;240.0;;0.0;240.0;;0.0;240.0;;0.0;240.0;;0.0;240.0;;0.0;240.0;;60.0;240.0;;60.0;240.0;;60.0;240.0;;60.0;240.0;;60.0;240.0;;60.0;240.0;;60.0;240.0;;60.0;240.0;;0.0;240.0;;0.0;240.0;;0.0;240.0;;0.0;240.0;;0.0;240.0;;0.0;240.0;;0.0;240.0;;0.0;240.0;;0.0;240.0;;0.0;240.0;;0.0;240.0;;0.0;240.0;;0.0;240.0;;0.0;240.0;;0.0;240.0;;0.0;240.0;;0.0;240.0;;0.0;240.0;;0.0;240.0;;0.0;240.0;;0.0;240.0;;0.0;240.0;;0.0;270.0;;0.0;270.0;;0.0;270.0;;0.0;270.0;;0.0;270.0;;0.0;270.0;;0.0;270.0;;0.0;270.0;;0.0;270.0;;60.0;270.0;;60.0;270.0;;60.0;270.0;;60.0;270.0;;60.0;270.0;;60.0;270.0;;60.0;270.0;;60.0;270.0;;0.0;270.0;;0.0;270.0;;0.0;270.0;;0.0;270.0;;0.0;270.0;;0.0;270.0;;0.0;270.0;;0.0;270.0;;0.0;270.0;;0.0;270.0;;0.0;270.0;;0.0;270.0;;0.0;270.0;;0.0;270.0;;0.0;270.0;;0.0;270.0;;0.0;270.0;;0.0;270.0;;0.0;270.0;;0.0;270.0;;0.0;270.0;;0.0;270.0;;0.0;300.0;;0.0;300.0;;0.0;300.0;;0.0;300.0;;0.0;300.0;;0.0;300.0;;0.0;300.0;;0.0;300.0;;0.0;300.0;;0.0;300.0;;0.0;300.0;;0.0;300.0;;0.0;300.0;;0.0;300.0;;0.0;300.0;;0.0;300.0;;0.0;300.0;;0.0;300.0;;0.0;300.0;;0.0;300.0;;0.0;300.0;;0.0;300.0;;0.0;300.0;;0.0;300.0;;0.0;300.0;;0.0;300.0;;0.0;300.0;;0.0;300.0;;0.0;300.0;;0.0;300.0;;0.0;300.0;;0.0;300.0;;0.0;300.0;;0.0;300.0;;0.0;300.0;;0.0;300.0;;0.0;300.0;;0.0;300.0;;0.0;300.0;;0.0;300.0;;0.0;300.0;;0.0;300.0;;0.0;300.0;;0.0;300.0;;0.0;300.0;;0.0;300.0;;0.0;300.0;;30.0;420.0;;30.0;420.0;;30.0;420.0;;30.0;420.0;;30.0;420.0;;30.0;420.0;;30.0;420.0;;30.0;420.0;;30.0;420.0;;30.0;420.0;;30.0;420.0;;30.0;420.0;;30.0;420.0;;30.0;420.0;;30.0;420.0;;30.0;420.0;;30.0;420.0;;30.0;420.0;;30.0;420.0;;30.0;420.0;;30.0;420.0;;30.0;420.0;;30.0;420.0;;30.0;420.0;;30.0;420.0;;30.0;120.0;;30.0;120.0;;30.0;120.0;;30.0;120.0;;30.0;120.0;;30.0;120.0;;30.0;120.0;;30.0;120.0;;30.0;120.0;;30.0;120.0;;30.0;120.0;;30.0;120.0;;30.0;120.0;;30.0;120.0;;30.0;120.0;;30.0;120.0;;30.0;120.0;;30.0;120.0;;30.0;120.0;;30.0;120.0;;30.0;120.0;;30.0;120.0;;30.0;120.0;;30.0;120.0;;30.0;120.0;;30.0;120.0;;30.0;120.0;;30.0;120.0;;30.0;120.0;;30.0;120.0;;30.0;120.0;;120.0;210.0;;120.0;210.0;;120.0;210.0;;120.0;210.0;;120.0;210.0;;120.0;210.0;;120.0;210.0;;120.0;210.0;;120.0;210.0;;120.0;210.0;;120.0;210.0;;120.0;210.0;;120.0;210.0;;120.0;210.0;;120.0;210.0;;120.0;210.0;;120.0;210.0;;120.0;210.0;;120.0;210.0;;120.0;210.0;;120.0;210.0;;120.0;210.0;;120.0;210.0;;60.0;240.0;;60.0;240.0;;60.0;240.0;;60.0;240.0;;60.0;240.0;;60.0;240.0;;60.0;240.0;;60.0;240.0;;60.0;240.0;;60.0;240.0;;60.0;240.0;;60.0;240.0;;60.0;240.0;;60.0;240.0;;60.0;240.0;;60.0;240.0;;60.0;240.0;;60.0;240.0;;60.0;240.0;;60.0;240.0;;60.0;240.0;;60.0;240.0;;60.0;240.0;;60.0;240.0;;60.0;240.0;;60.0;240.0;;60.0;240.0;;60.0;240.0;;60.0;240.0;;60.0;240.0;;60.0;240.0;;60.0;240.0;;60.0;240.0;;60.0;240.0;;60.0;240.0;;90.0;300.0;;90.0;300.0;;90.0;300.0;;90.0;300.0;;90.0;300.0;;90.0;300.0;;90.0;300.0;;90.0;300.0;;90.0;300.0;;90.0;300.0;;90.0;300.0;;90.0;300.0;;90.0;300.0;;90.0;300.0;;90.0;300.0;;90.0;300.0;;90.0;300.0;;90.0;300.0;;90.0;300.0;;90.0;300.0;;90.0;300.0;;90.0;300.0;;90.0;300.0;;120.0;420.0;;120.0;420.0;;120.0;420.0;;120.0;420.0;;120.0;420.0;;120.0;420.0;;120.0;420.0;;120.0;420.0;;120.0;420.0;;120.0;420.0;;120.0;420.0;;120.0;420.0;;120.0;420.0;;120.0;420.0;;120.0;420.0;;120.0;420.0;;120.0;420.0;;120.0;420.0;;120.0;420.0;;120.0;420.0;;120.0;420.0;;120.0;420.0;;120.0;420.0;;120.0;420.0;;150.0;0.0;;150.0;0.0;;150.0;0.0;;150.0;0.0;;150.0;0.0;;150.0;0.0;;150.0;0.0;;150.0;0.0;;150.0;0.0;;150.0;0.0;;150.0;0.0;;150.0;0.0;;150.0;0.0;;150.0;0.0;;150.0;0.0;;150.0;0.0;;150.0;0.0;;150.0;0.0;;150.0;0.0;;150.0;0.0;;150.0;0.0;;150.0;0.0;;150.0;0.0;;150.0;0.0;;150.0;0.0;;180.0;180.0;;180.0;180.0;;180.0;180.0;;180.0;180.0;;180.0;180.0;;180.0;180.0;;180.0;180.0;;180.0;180.0;;180.0;180.0;;180.0;180.0;;180.0;180.0;;180.0;180.0;;180.0;180.0;;180.0;180.0;;180.0;180.0;;180.0;180.0;;180.0;180.0;;180.0;180.0;;180.0;180.0;;180.0;180.0;;180.0;180.0;;180.0;180.0;;180.0;180.0;;120.0;210.0;;120.0;210.0;;120.0;210.0;;120.0;210.0;;120.0;210.0;;120.0;210.0;;120.0;210.0;;120.0;210.0;;120.0;210.0;;120.0;210.0;;120.0;210.0;;120.0;210.0;;120.0;210.0;;120.0;210.0;;120.0;210.0;;120.0;210.0;;120.0;210.0;;120.0;210.0;;120.0;210.0;;180.0;300.0;;180.0;300.0;;180.0;300.0;;180.0;300.0;;180.0;300.0;;180.0;300.0;;180.0;300.0;;180.0;300.0;;180.0;300.0;;180.0;300.0;;180.0;300.0;;180.0;300.0;;180.0;300.0;;180.0;300.0;;180.0;300.0;;180.0;300.0;;180.0;300.0;;180.0;300.0;;180.0;300.0;;180.0;300.0;;180.0;300.0;;180.0;300.0;;180.0;300.0;;180.0;300.0;;180.0;300.0;;180.0;300.0;;180.0;300.0;;180.0;300.0;;180.0;300.0;;180.0;0.0;;180.0;0.0;;180.0;0.0;;180.0;0.0;;180.0;0.0;;180.0;0.0;;180.0;0.0;;180.0;0.0;;180.0;0.0;;180.0;0.0;;180.0;0.0;;180.0;0.0;;180.0;420.0;;180.0;420.0;;180.0;420.0;;180.0;420.0;;180.0;420.0;;180.0;420.0;;180.0;420.0;;180.0;420.0;;180.0;420.0;;180.0;420.0;;180.0;420.0;;180.0;420.0;;180.0;420.0;;180.0;420.0;;180.0;420.0;;180.0;420.0;;180.0;420.0;;180.0;420.0;;180.0;420.0;;180.0;420.0;;180.0;420.0;;180.0;420.0;;180.0;420.0;;180.0;420.0;;240.0;120.0;;240.0;120.0;;240.0;120.0;;240.0;120.0;;240.0;120.0;;240.0;120.0;;240.0;120.0;;240.0;120.0;;240.0;120.0;;240.0;120.0;;240.0;120.0;;240.0;120.0;;240.0;120.0;;240.0;120.0;;240.0;120.0;;240.0;120.0;;240.0;120.0;;240.0;120.0;;240.0;120.0;;240.0;120.0;;240.0;120.0;;240.0;120.0;;240.0;120.0;;240.0;120.0;;240.0;120.0;;240.0;120.0;;240.0;120.0;;240.0;120.0;;240.0;120.0;;240.0;120.0;;240.0;120.0;;240.0;120.0;;240.0;120.0;;180.0;150.0;;180.0;150.0;;180.0;150.0;;180.0;150.0;;180.0;150.0;;180.0;150.0;;180.0;150.0;;180.0;150.0;;180.0;150.0;;180.0;150.0;;180.0;150.0;;180.0;150.0;;180.0;150.0;;180.0;150.0;;180.0;150.0;;180.0;150.0;;180.0;150.0;;180.0;150.0;;240.0;150.0;;240.0;150.0;;240.0;150.0;;240.0;150.0;;240.0;150.0;;240.0;150.0;;240.0;150.0;;240.0;150.0;;240.0;150.0;;240.0;150.0;;240.0;150.0;;240.0;150.0;;180.0;150.0;;180.0;150.0;;180.0;150.0;;180.0;150.0;;180.0;150.0;;180.0;300.0;;180.0;300.0;;180.0;300.0;;180.0;300.0;;180.0;300.0;;180.0;300.0;;180.0;300.0;;180.0;300.0;;180.0;300.0;;180.0;300.0;;180.0;300.0;;180.0;300.0;;180.0;300.0;;180.0;300.0;;180.0;300.0;;180.0;300.0;;180.0;300.0;;180.0;300.0;;180.0;300.0;;180.0;300.0;;180.0;300.0;;180.0;300.0;;180.0;300.0;;180.0;300.0;;180.0;300.0;;180.0;300.0;;180.0;300.0;;180.0;300.0;;180.0;300.0;;180.0;300.0;;180.0;300.0;;180.0;300.0;;180.0;300.0;;180.0;300.0;;180.0;300.0;;180.0;300.0;;210.0;360.0;;210.0;360.0;;210.0;360.0;;210.0;360.0;;210.0;360.0;;210.0;360.0;;210.0;360.0;;210.0;360.0;;210.0;360.0;;210.0;360.0;;210.0;360.0;;210.0;360.0;;210.0;360.0;;210.0;360.0;;210.0;360.0;;210.0;360.0;;210.0;360.0;;210.0;360.0;;210.0;360.0;;210.0;360.0;;210.0;360.0;;210.0;360.0;;210.0;360.0;;210.0;360.0;;210.0;360.0;;210.0;420.0;;210.0;420.0;;210.0;420.0;;210.0;420.0;;210.0;420.0;;210.0;420.0;;210.0;420.0;;210.0;420.0;;210.0;420.0;;210.0;420.0;;210.0;420.0;;210.0;360.0;;210.0;360.0;;210.0;360.0;;210.0;360.0;;210.0;360.0;;210.0;360.0;;210.0;360.0;;210.0;360.0;;210.0;360.0;;210.0;360.0;;240.0;0.0;;240.0;0.0;;240.0;0.0;;240.0;0.0;;240.0;0.0;;240.0;0.0;;240.0;0.0;;240.0;0.0;;240.0;0.0;;240.0;0.0;;240.0;0.0;;240.0;0.0;;240.0;0.0;;240.0;0.0;;240.0;0.0;;240.0;0.0;;240.0;0.0;;240.0;0.0;;240.0;0.0;;240.0;0.0;;240.0;0.0;;240.0;0.0;;240.0;0.0;;240.0;0.0;;240.0;0.0;;240.0;0.0;;240.0;0.0;;240.0;0.0;;240.0;0.0;;240.0;0.0;;240.0;0.0;;240.0;0.0;;240.0;0.0;;240.0;0.0;;240.0;0.0;;240.0;0.0;;240.0;360.0;;240.0;360.0;;240.0;360.0;;240.0;360.0;;240.0;360.0;;240.0;360.0;;240.0;360.0;;240.0;360.0;;240.0;360.0;;240.0;360.0;;240.0;360.0;;240.0;360.0;;240.0;360.0;;240.0;360.0;;240.0;360.0;;240.0;360.0;;240.0;360.0;;240.0;360.0;;240.0;360.0;;240.0;360.0;;240.0;360.0;;240.0;360.0;;240.0;360.0;;240.0;360.0;;240.0;360.0;;240.0;360.0;;240.0;360.0;;240.0;360.0;;240.0;360.0;;240.0;360.0;;240.0;360.0;;240.0;360.0;;240.0;360.0;;240.0;360.0;;240.0;360.0;;240.0;360.0;;240.0;360.0;;240.0;420.0;;240.0;420.0;;240.0;420.0;;240.0;420.0;;240.0;420.0;;240.0;420.0;;240.0;360.0;;240.0;360.0;;240.0;360.0;;240.0;120.0;;240.0;120.0;;240.0;120.0;;240.0;120.0;;240.0;120.0;;240.0;120.0;;240.0;120.0;;240.0;120.0;;240.0;120.0;;240.0;120.0;;240.0;120.0;;240.0;120.0;;240.0;120.0;;240.0;120.0;;240.0;120.0;;240.0;120.0;;240.0;120.0;;240.0;120.0;;240.0;120.0;;240.0;150.0;;240.0;150.0;;240.0;150.0;;240.0;150.0;;240.0;150.0;;240.0;150.0;;240.0;150.0;;240.0;150.0;;240.0;150.0;;240.0;150.0;;240.0;150.0;;240.0;150.0;;240.0;150.0;;240.0;150.0;;240.0;150.0;;240.0;150.0;;240.0;150.0;;240.0;150.0;;240.0;150.0;;240.0;150.0;;240.0;150.0;;240.0;150.0;;240.0;150.0;;240.0;150.0;;240.0;150.0;;240.0;150.0;;240.0;150.0;;300.0;150.0;E;330.0;150.0;D;0;
Bot Easy;30.0;120.0;;30.0;120.0;;30.0;120.0;;30.0;120.0;;0.0;420.0;;0.0;420.0;;0.0;420.0;;0.0;420.0;;0.0;420.0;;0.0;360.0;;0.0;360.0;;0.0;360.0;;0.0;360.0;;0.0;360.0;;0.0;360.0;;0.0;360.0;;0.0;360.0;;60.0;240.0;;60.0;240.0;;60.0;240.0;;60.0;240.0;;60.0;240.0;;0.0;240.0;;0.0;240.0;;0.0;240.0;;0.0;240.0;;0.0;240.0;;0.0;240.0;;0.0;240.0;;0.0;240.0;;60.0;270.0;;60.0;270.0;;60.0;270.0;;60.0;270.0;;60.0;270.0;;0.0;270.0;;0.0;270.0;;0.0;270.0;;0.0;270.0;;0.0;270.0;;0.0;270.0;;0.0;270.0;;0.0;270.0;;0.0;300.0;;0.0;300.0;;0.0;300.0;;0.0;300.0;;0.0;300.0;;0.0;300.0;;0.0;300.0;;0.0;300.0;;0.0;300.0;;0.0;300.0;;0.0;300.0;;0.0;300.0;;0.0;300.0;;0.0;300.0;;0.0;300.0;;0.0;300.0;;0.0;300.0;;0.0;300.0;;0.0;300.0;;30.0;420.0;;30.0;420.0;;30.0;420.0;;30.0;420.0;;30.0;420.0;;30.0;420.0;;30.0;420.0;;30.0;420.0;;30.0;420.0;;30.0;120.0;;30.0;120.0;;30.0;120.0;;30.0;120.0;;30.0;120.0;;30.0;120.0;;30.0;120.0;;30.0;120.0;;120.0;210.0;;120.0;210.0;;120.0;210.0;;120.0;210.0;;120.0;210.0;;120.0;210.0;;120.0;210.0;;120.0;210.0;;120.0;210.0;;120.0;210.0;;60.0;240.0;;60.0;240.0;;60.0;240.0;;60.0;240.0;;60.0;240.0;;60.0;240.0;;60.0;240.0;;60.0;240.0;;60.0;240.0;;60.0;240.0;;60.0;240.0;;60.0;240.0;;60.0;240.0;;60.0;240.0;;60.0;240.0;;60.0;240.0;;90.0;300.0;;90.0;300.0;;90.0;300.0;;90.0;300.0;;90.0;300.0;;90.0;300.0;;90.0;300.0;;90.0;300.0;;90.0;300.0;;90.0;300.0;;90.0;300.0;;120.0;420.0;;120.0;420.0;;120.0;420.0;;120.0;420.0;;120.0;420.0;;120.0;420.0;;120.0;420.0;;150.0;0.0;;150.0;0.0;;150.0;0.0;;150.0;0.0;;150.0;0.0;;150.0;0.0;;150.0;0.0;;150.0;0.0;;150.0;0.0;;150.0;0.0;;150.0;0.0;;150.0;0.0;;180.0;180.0;;180.0;180.0;;180.0;180.0;;180.0;180.0;;180.0;180.0;;180.0;180.0;;180.0;180.0;;180.0;180.0;;180.0;180.0;;180.0;180.0;;120.0;210.0;;120.0;210.0;;120.0;210.0;;120.0;210.0;;120.0;210.0;;120.0;210.0;;120.0;210.0;;120.0;210.0;;120.0;210.0;;180.0;300.0;;180.0;300.0;;180.0;300.0;;180.0;300.0;;180.0;300.0;;180.0;300.0;;180.0;300.0;;180.0;300.0;;180.0;300.0;;180.0;300.0;;180.0;300.0;;180.0;300.0;;180.0;300.0;;180.0;300.0;;180.0;300.0;;180.0;300.0;;180.0;0.0;;180.0;0.0;;180.0;0.0;;180.0;0.0;;180.0;0.0;;180.0;420.0;;180.0;420.0;;180.0;420.0;;180.0;420.0;;180.0;420.0;;180.0;420.0;;180.0;420.0;;180.0;420.0;;180.0;420.0;;240.0;120.0;;240.0;120.0;;240.0;120.0;;240.0;120.0;;240.0;120.0;;240.0;120.0;;240.0;120.0;;240.0;120.0;;240.0;120.0;;240.0;120.0;;240.0;120.0;;240.0;120.0;;240.0;120.0;;240.0;120.0;;240.0;120.0;;240.0;120.0;;240.0;120.0;;180.0;150.0;;180.0;150.0;;180.0;150.0;;180.0;150.0;;180.0;150.0;;180.0;150.0;;180.0;150.0;;240.0;150.0;;240.0;150.0;;240.0;150.0;;240.0;150.0;;240.0;150.0;;180.0;150.0;;180.0;150.0;;180.0;150.0;;180.0;150.0;;180.0;300.0;;180.0;300.0;;180.0;300.0;;180.0;300.0;;180.0;300.0;;180.0;300.0;;180.0;300.0;;180.0;300.0;;180.0;300.0;;180.0;300.0;;180.0;300.0;;180.0;300.0;;180.0;300.0;;180.0;300.0;;180.0;300.0;;180.0;300.0;;210.0;360.0;;210.0;360.0;;210.0;360.0;;210.0;360.0;;210.0;360.0;;210.0;360.0;;210.0;360.0;;210.0;360.0;;210.0;420.0;;210.0;420.0;;210.0;420.0;;210.0;360.0;;210.0;360.0;;210.0;360.0;;210.0;360.0;;210.0;360.0;;210.0;360.0;;210.0;360.0;;210.0;360.0;;240.0;0.0;;240.0;0.0;;240.0;0.0;;240.0;0.0;;240.0;0.0;;240.0;0.0;;240.0;0.0;;240.0;0.0;;240.0;0.0;;240.0;0.0;;240.0;0.0;;240.0;0.0;;240.0;0.0;;240.0;0.0;;240.0;0.0;;240.0;0.0;;240.0;360.0;;240.0;360.0;;240.0;360.0;;240.0;360.0;;240.0;360.0;;240.0;360.0;;240.0;360.0;;240.0;360.0;;240.0;360.0;;240.0;360.0;;240.0;360.0;;240.0;360.0;;240.0;420.0;;240.0;420.0;;240.0;360.0;;240.0;120.0;;240.0;120.0;;240.0;120.0;;240.0;120.0;;240.0;120.0;;240.0;120.0;;240.0;120.0;;240.0;120.0;;240.0;120.0;;270.0;240.0;;270.0;240.0;;270.0;240.0;;270.0;240.0;;270.0;240.0;;270.0;240.0;;270.0;240.0;;270.0;240.0;;270.0;300.0;;270.0;300.0;;270.0;240.0;;270.0;300.0;;270.0;300.0;;270.0;300.0;;270.0;300.0;;270.0;300.0;;270.0;360.0;;270.0;360.0;;270.0;360.0;;270.0;360.0;;270.0;360.0;;270.0;360.0;;270.0;360.0;;270.0;420.0;;270.0;420.0;;270.0;420.0;;270.0;360.0;;270.0;360.0;;270.0;360.0;;270.0;360.0;;300.0;60.0;O;300.0;60.0;O;300.0;60.0;O;300.0;60.0;O;300.0;30.0;H;2;
Bot Easy;30.0;120.0;;30.0;120.0;;30.0;120.0;;0.0;420.0;;0.0;360.0;;0.0;360.0;;0.0;360.0;;0.0;360.0;;0.0;360.0;;0.0;360.0;;60.0;240.0;;0.0;240.0;;0.0;240.0;;0.0;240.0;;0.0;240.0;;0.0;240.0;;0.0;240.0;;60.0;270.0;;0.0;270.0;;0.0;270.0;;0.0;270.0;;0.0;270.0;;0.0;270.0;;0.0;270.0;;0.0;300.0;;0.0;300.0;;0.0;300.0;;0.0;300.0;;0.0;300.0;;0.0;300.0;;0.0;300.0;;30.0;420.0;;30.0;120.0;;30.0;120.0;;30.0;120.0;;30.0;120.0;;30.0;120.0;;30.0;120.0;;120.0;210.0;;120.0;210.0;;120.0;210.0;;120.0;210.0;;120.0;210.0;;120.0;210.0;;60.0;240.0;;60.0;240.0;;60.0;240.0;;60.0;240.0;;60.0;240.0;;60.0;240.0;;90.0;300.0;;90.0;300.0;;90.0;300.0;;90.0;300.0;;90.0;300.0;;90.0;300.0;;120.0;420.0;;120.0;420.0;;120.0;420.0;;150.0;0.0;;150.0;0.0;;150.0;0.0;;150.0;0.0;;150.0;0.0;;150.0;0.0;;150.0;0.0;;150.0;0.0;;180.0;180.0;;180.0;180.0;;180.0;180.0;;180.0;180.0;;180.0;180.0;;180.0;180.0;;120.0;210.0;;120.0;210.0;;120.0;210.0;;120.0;210.0;;120.0;210.0;;120.0;210.0;;120.0;210.0;;180.0;300.0;;180.0;300.0;;180.0;300.0;;180.0;300.0;;180.0;300.0;;180.0;300.0;;180.0;300.0;;180.0;300.0;;180.0;300.0;;180.0;300.0;;180.0;300.0;;180.0;0.0;;180.0;0.0;;180.0;420.0;;180.0;420.0;;180.0;420.0;;180.0;420.0;;180.0;420.0;;180.0;420.0;;180.0;420.0;;180.0;420.0;;180.0;420.0;;240.0;120.0;;240.0;120.0;;240.0;120.0;;240.0;120.0;;240.0;120.0;;240.0;120.0;;240.0;120.0;;240.0;120.0;;180.0;150.0;;180.0;150.0;;180.0;150.0;;180.0;150.0;;240.0;150.0;;240.0;150.0;;180.0;150.0;;180.0;150.0;;180.0;300.0;;180.0;300.0;;180.0;300.0;;180.0;300.0;;180.0;300.0;;180.0;300.0;;180.0;300.0;;180.0;300.0;;210.0;360.0;;210.0;360.0;;210.0;360.0;;210.0;420.0;;210.0;420.0;;210.0;360.0;;210.0;360.0;;210.0;360.0;;240.0;0.0;;240.0;0.0;;240.0;0.0;;240.0;0.0;;240.0;0.0;;240.0;0.0;;240.0;0.0;;240.0;0.0;;240.0;360.0;;240.0;360.0;;240.0;360.0;;240.0;360.0;;240.0;360.0;;240.0;360.0;;240.0;360.0;;240.0;360.0;;240.0;360.0;;240.0;360.0;;240.0;360.0;;240.0;120.0;;240.0;120.0;;240.0;120.0;;240.0;120.0;;240.0;120.0;;240.0;120.0;;240.0;120.0;;270.0;240.0;;270.0;240.0;;270.0;240.0;;270.0;240.0;;270.0;240.0;;270.0;240.0;;270.0;240.0;;270.0;300.0;;270.0;300.0;;270.0;360.0;;270.0;360.0;;270.0;360.0;;270.0;360.0;;270.0;360.0;;270.0;360.0;;330.0;30.0;E;360.0;30.0;H;0;
